 2.000280e-010  9.862172e-001  2.000280e-010  4.682257e-001  2.000280e-010  5.275972e-002 
 2.001280e-010  9.834361e-001  2.001280e-010  4.837981e-001  2.001280e-010  4.981805e-002 
 2.002280e-010  9.798272e-001  2.002280e-010  4.992432e-001  2.002280e-010  4.693638e-002 
 2.003280e-010  9.753889e-001  2.003280e-010  5.145338e-001  2.003280e-010  4.410984e-002 
 2.004280e-010  9.701237e-001  2.004280e-010  5.296413e-001  2.004280e-010  4.132802e-002 
 2.005280e-010  9.640448e-001  2.005280e-010  5.445289e-001  2.005280e-010  3.858872e-002 
 2.006280e-010  9.571643e-001  2.006280e-010  5.591690e-001  2.006280e-010  3.588450e-002 
 2.007280e-010  9.495025e-001  2.007280e-010  5.735323e-001  2.007280e-010  3.321628e-002 
 2.008280e-010  9.410778e-001  2.008280e-010  5.876000e-001  2.008280e-010  3.057954e-002 
 2.009280e-010  9.319155e-001  2.009280e-010  6.013511e-001  2.009280e-010  2.797737e-002 
 2.010280e-010  9.220378e-001  2.010280e-010  6.147726e-001  2.010280e-010  2.540672e-002 
 2.011280e-010  9.114725e-001  2.011280e-010  6.278483e-001  2.011280e-010  2.287145e-002 
 2.012280e-010  9.002431e-001  2.012280e-010  6.405691e-001  2.012280e-010  2.036889e-002 
 2.013280e-010  8.883783e-001  2.013280e-010  6.529225e-001  2.013280e-010  1.790307e-002 
 2.014280e-010  8.759024e-001  2.014280e-010  6.649031e-001  2.014280e-010  1.547148e-002 
 2.015280e-010  8.628440e-001  2.015280e-010  6.765025e-001  2.015280e-010  1.307821e-002 
 2.016280e-010  8.492276e-001  2.016280e-010  6.877193e-001  2.016280e-010  1.072086e-002 
 2.017280e-010  8.350814e-001  2.017280e-010  6.985495e-001  2.017280e-010  8.403540e-003 
 2.018280e-010  8.204292e-001  2.018280e-010  7.089958e-001  2.018280e-010  6.124000e-003 
 2.019280e-010  8.052983e-001  2.019280e-010  7.190587e-001  2.019280e-010  3.886476e-003 
 2.020280e-010  7.897111e-001  2.020280e-010  7.287453e-001  2.020280e-010  1.689103e-003 
 2.021280e-010  7.736500e-001  2.021280e-010  7.380385e-001  2.021280e-010 -5.268144e-004 
 2.022280e-010  7.570301e-001  2.022280e-010  7.468996e-001  2.022280e-010 -2.909620e-003 
 2.023280e-010  7.400533e-001  2.023280e-010  7.554329e-001  2.023280e-010 -5.190282e-003 
 2.024280e-010  7.227429e-001  2.024280e-010  7.636486e-001  2.024280e-010 -7.376811e-003 
 2.025280e-010  7.051318e-001  2.025280e-010  7.715576e-001  2.025280e-010 -9.457597e-003 
 2.026280e-010  6.872600e-001  2.026280e-010  7.791757e-001  2.026280e-010 -1.143112e-002 
 2.027280e-010  6.691822e-001  2.027280e-010  7.865199e-001  2.027280e-010 -1.327383e-002 
 2.028280e-010  6.509588e-001  2.028280e-010  7.936108e-001  2.028280e-010 -1.497103e-002 
 2.029280e-010  6.326497e-001  2.029280e-010  8.004673e-001  2.029280e-010 -1.648459e-002 
 2.030280e-010  6.142946e-001  2.030280e-010  8.071066e-001  2.030280e-010 -1.778671e-002 
 2.031280e-010  5.959111e-001  2.031280e-010  8.135397e-001  2.031280e-010 -1.883042e-002 
 2.032280e-010  5.774952e-001  2.032280e-010  8.197750e-001  2.032280e-010 -1.958583e-002 
 2.033280e-010  5.590351e-001  2.033280e-010  8.258169e-001  2.033280e-010 -2.000926e-002 
 2.034280e-010  5.405122e-001  2.034280e-010  8.316701e-001  2.034280e-010 -2.007587e-002 
 2.035280e-010  5.219051e-001  2.035280e-010  8.373374e-001  2.035280e-010 -1.974428e-002 
 2.036280e-010  5.031849e-001  2.036280e-010  8.428235e-001  2.036280e-010 -1.898577e-002 
 2.037280e-010  4.843190e-001  2.037280e-010  8.481325e-001  2.037280e-010 -1.774766e-002 
 2.038280e-010  4.652805e-001  2.038280e-010  8.532735e-001  2.038280e-010 -1.598625e-002 
 2.039280e-010  4.460720e-001  2.039280e-010  8.582594e-001  2.039280e-010 -1.363956e-002 
 2.040280e-010  4.267434e-001  2.040280e-010  8.631113e-001  2.040280e-010 -1.066943e-002 
 2.041280e-010  4.073814e-001  2.041280e-010  8.678523e-001  2.041280e-010 -7.031371e-003 
 2.042280e-010  3.880848e-001  2.042280e-010  8.725065e-001  2.042280e-010 -2.705090e-003 
 2.043280e-010  3.689366e-001  2.043280e-010  8.770916e-001  2.043280e-010  2.340404e-003 
 2.044280e-010  3.500230e-001  2.044280e-010  8.816265e-001  2.044280e-010  8.118114e-003 
 2.045280e-010  3.314189e-001  2.045280e-010  8.861240e-001  2.045280e-010  1.464927e-002 
 2.046280e-010  3.131976e-001  2.046280e-010  8.905965e-001  2.046280e-010  2.193137e-002 
 2.047280e-010  2.954358e-001  2.047280e-010  8.950538e-001  2.047280e-010  2.997357e-002 
 2.048280e-010  2.782169e-001  2.048280e-010  8.995076e-001  2.048280e-010  3.876404e-002 
 2.049280e-010  2.616177e-001  2.049280e-010  9.039651e-001  2.049280e-010  4.830072e-002 
 2.050280e-010  2.457096e-001  2.050280e-010  9.084328e-001  2.050280e-010  5.855980e-002 
 2.051280e-010  2.305457e-001  2.051280e-010  9.129113e-001  2.051280e-010  6.952614e-002 
 2.052280e-010  2.161674e-001  2.052280e-010  9.173997e-001  2.052280e-010  8.116393e-002 
 2.053280e-010  2.025958e-001  2.053280e-010  9.218918e-001  2.053280e-010  9.344719e-002 
 2.054280e-010  1.898424e-001  2.054280e-010  9.263811e-001  2.054280e-010  1.063321e-001 
 2.055280e-010  1.779012e-001  2.055280e-010  9.308568e-001  2.055280e-010  1.197865e-001 
 2.056280e-010  1.667606e-001  2.056280e-010  9.353096e-001  2.056280e-010  1.337633e-001 
 2.057280e-010  1.563954e-001  2.057280e-010  9.397265e-001  2.057280e-010  1.482280e-001 
 2.058280e-010  1.467787e-001  2.058280e-010  9.440969e-001  2.058280e-010  1.631328e-001 
 2.059280e-010  1.378736e-001  2.059280e-010  9.484068e-001  2.059280e-010  1.784430e-001 
 2.060280e-010  1.296441e-001  2.060280e-010  9.526446e-001  2.060280e-010  1.941112e-001 
 2.061280e-010  1.220465e-001  2.061280e-010  9.567948e-001  2.061280e-010  2.101024e-001 
 2.062280e-010  1.150407e-001  2.062280e-010  9.608435e-001  2.062280e-010  2.263692e-001 
 2.063280e-010  1.085795e-001  2.063280e-010  9.647711e-001  2.063280e-010  2.428758e-001 
 2.064280e-010  1.026208e-001  2.064280e-010  9.685576e-001  2.064280e-010  2.595727e-001 
 2.065280e-010  9.711629e-002  2.065280e-010  9.721751e-001  2.065280e-010  2.764200e-001 
 2.066280e-010  9.202310e-002  2.066280e-010  9.755929e-001  2.066280e-010  2.933621e-001 
 2.067280e-010  8.729224e-002  2.067280e-010  9.787703e-001  2.067280e-010  3.103494e-001 
 2.068280e-010  8.288141e-002  2.068280e-010  9.816630e-001  2.068280e-010  3.273166e-001 
 2.069280e-010  7.874342e-002  2.069280e-010  9.842175e-001  2.069280e-010  3.442075e-001 
 2.070280e-010  7.484097e-002  2.070280e-010  9.863784e-001  2.070280e-010  3.609628e-001 
 2.071280e-010  7.113516e-002  2.071280e-010  9.880845e-001  2.071280e-010  3.775490e-001 
 2.072280e-010  6.760004e-002  2.072280e-010  9.892760e-001  2.072280e-010  3.939461e-001 
 2.073280e-010  6.420814e-002  2.073280e-010  9.898910e-001  2.073280e-010  4.101618e-001 
 2.074280e-010  6.094312e-002  2.074280e-010  9.898713e-001  2.074280e-010  4.262083e-001 
 2.075280e-010  5.778404e-002  2.075280e-010  9.891583e-001  2.075280e-010  4.421094e-001 
 2.076280e-010  5.471922e-002  2.076280e-010  9.877010e-001  2.076280e-010  4.578797e-001 
 2.077280e-010  5.173156e-002  2.077280e-010  9.854550e-001  2.077280e-010  4.735330e-001 
 2.078280e-010  4.881361e-002  2.078280e-010  9.823933e-001  2.078280e-010  4.890645e-001 
 2.079280e-010  4.595233e-002  2.079280e-010  9.785016e-001  2.079280e-010  5.044616e-001 
 2.080280e-010  4.314371e-002  2.080280e-010  9.737807e-001  2.080280e-010  5.196941e-001 
 2.081280e-010  4.037740e-002  2.081280e-010  9.682366e-001  2.081280e-010  5.347316e-001 
 2.082280e-010  3.765216e-002  2.082280e-010  9.618827e-001  2.082280e-010  5.495386e-001 
 2.083280e-010  3.496065e-002  2.083280e-010  9.547335e-001  2.083280e-010  5.640881e-001 
 2.084280e-010  3.230478e-002  2.084280e-010  9.468093e-001  2.084280e-010  5.783532e-001 
 2.085280e-010  2.967987e-002  2.085280e-010  9.381302e-001  2.085280e-010  5.923159e-001 
 2.086280e-010  2.708978e-002  2.086280e-010  9.287211e-001  2.086280e-010  6.059565e-001 
 2.087280e-010  2.453101e-002  2.087280e-010  9.186058e-001  2.087280e-010  6.192624e-001 
 2.088280e-010  2.200806e-002  2.088280e-010  9.078110e-001  2.088280e-010  6.322185e-001 
 2.089280e-010  1.951770e-002  2.089280e-010  8.963616e-001  2.089280e-010  6.448158e-001 
 2.090280e-010  1.706461e-002  2.090280e-010  8.842852e-001  2.090280e-010  6.570430e-001 
 2.091280e-010  1.464566e-002  2.091280e-010  8.716072e-001  2.091280e-010  6.688949e-001 
 2.092280e-010  1.226560e-002  2.092280e-010  8.583553e-001  2.092280e-010  6.803642e-001 
 2.093280e-010  9.921384e-003  2.093280e-010  8.445548e-001  2.093280e-010  6.914499e-001 
 2.094280e-010  7.617836e-003  2.094280e-010  8.302329e-001  2.094280e-010  7.021491e-001 
 2.095280e-010  5.352018e-003  2.095280e-010  8.154141e-001  2.095280e-010  7.124648e-001 
 2.096280e-010  3.128968e-003  2.096280e-010  8.001245e-001  2.096280e-010  7.223987e-001 
 2.097280e-010  9.461841e-004  2.097280e-010  7.843873e-001  2.097280e-010  7.319582e-001 
 2.098280e-010 -1.352919e-003  2.098280e-010  7.681153e-001  2.098280e-010  7.410933e-001 
 2.099280e-010 -3.700879e-003  2.099280e-010  7.513704e-001  2.099280e-010  7.498421e-001 
 2.100280e-010 -5.949390e-003  2.100280e-010  7.342765e-001  2.100280e-010  7.582657e-001 
 2.101280e-010 -8.100880e-003  2.101280e-010  7.168586e-001  2.101280e-010  7.663756e-001 
 2.102280e-010 -1.014641e-002  2.102280e-010  6.991529e-001  2.102280e-010  7.741833e-001 
 2.103280e-010 -1.207786e-002  2.103280e-010  6.812031e-001  2.103280e-010  7.817061e-001 
 2.104280e-010 -1.387411e-002  2.104280e-010  6.630678e-001  2.104280e-010  7.889612e-001 
 2.105280e-010 -1.551308e-002  2.105280e-010  6.448076e-001  2.105280e-010  7.959701e-001 
 2.106280e-010 -1.695938e-002  2.106280e-010  6.264784e-001  2.106280e-010  8.027504e-001 
 2.107280e-010 -1.817877e-002  2.107280e-010  6.081112e-001  2.107280e-010  8.093183e-001 
 2.108280e-010 -1.912928e-002  2.108280e-010  5.897168e-001  2.108280e-010  8.156828e-001 
 2.109280e-010 -1.977664e-002  2.109280e-010  5.712862e-001  2.109280e-010  8.218517e-001 
 2.110280e-010 -2.008332e-002  2.110280e-010  5.528063e-001  2.110280e-010  8.278284e-001 
 2.111280e-010 -2.001956e-002  2.111280e-010  5.342563e-001  2.111280e-010  8.336179e-001 
 2.112280e-010 -1.954846e-002  2.112280e-010  5.156141e-001  2.112280e-010  8.392226e-001 
 2.113280e-010 -1.863375e-002  2.113280e-010  4.968472e-001  2.113280e-010  8.446477e-001 
 2.114280e-010 -1.722535e-002  2.114280e-010  4.779248e-001  2.114280e-010  8.498980e-001 
 2.115280e-010 -1.527255e-002  2.115280e-010  4.588253e-001  2.115280e-010  8.549842e-001 
 2.116280e-010 -1.272050e-002  2.116280e-010  4.395684e-001  2.116280e-010  8.599215e-001 
 2.117280e-010 -9.528851e-003  2.117280e-010  4.202162e-001  2.117280e-010  8.647328e-001 
 2.118280e-010 -5.661943e-003  2.118280e-010  4.008657e-001  2.118280e-010  8.694413e-001 
 2.119280e-010 -1.095167e-003  2.119280e-010  3.816099e-001  2.119280e-010  8.740701e-001 
 2.120280e-010  4.194299e-003  2.120280e-010  3.625302e-001  2.120280e-010  8.786353e-001 
 2.121280e-010  1.022521e-002  2.121280e-010  3.437120e-001  2.121280e-010  8.831559e-001 
 2.122280e-010  1.700896e-002  2.122280e-010  3.252289e-001  2.122280e-010  8.876432e-001 
 2.123280e-010  2.454753e-002  2.123280e-010  3.071522e-001  2.123280e-010  8.921090e-001 
 2.124280e-010  3.284265e-002  2.124280e-010  2.895648e-001  2.124280e-010  8.965635e-001 
 2.125280e-010  4.188626e-002  2.125280e-010  2.725452e-001  2.125280e-010  9.010175e-001 
 2.126280e-010  5.166861e-002  2.126280e-010  2.561726e-001  2.126280e-010  9.054776e-001 
 2.127280e-010  6.216919e-002  2.127280e-010  2.405090e-001  2.127280e-010  9.099487e-001 
 2.128280e-010  7.336538e-002  2.128280e-010  2.256072e-001  2.128280e-010  9.144306e-001 
 2.129280e-010  8.522494e-002  2.129280e-010  2.114980e-001  2.129280e-010  9.189208e-001 
 2.130280e-010  9.771535e-002  2.130280e-010  1.982028e-001  2.130280e-010  9.234126e-001 
 2.131280e-010  1.107970e-001  2.131280e-010  1.857233e-001  2.131280e-010  9.278983e-001 
 2.132280e-010  1.244321e-001  2.132280e-010  1.740550e-001  2.132280e-010  9.323673e-001 
 2.133280e-010  1.385783e-001  2.133280e-010  1.631779e-001  2.133280e-010  9.368092e-001 
 2.134280e-010  1.531960e-001  2.134280e-010  1.530696e-001  2.134280e-010  9.412116e-001 
 2.135280e-010  1.682424e-001  2.135280e-010  1.436961e-001  2.135280e-010  9.455629e-001 
 2.136280e-010  1.836780e-001  2.136280e-010  1.350242e-001  2.136280e-010  9.498498e-001 
 2.137280e-010  1.994599e-001  2.137280e-010  1.270117e-001  2.137280e-010  9.540596e-001 
 2.138280e-010  2.155488e-001  2.138280e-010  1.196195e-001  2.138280e-010  9.581774e-001 
 2.139280e-010  2.319014e-001  2.139280e-010  1.128015e-001  2.139280e-010  9.621872e-001 
 2.140280e-010  2.484771e-001  2.140280e-010  1.065158e-001  2.140280e-010  9.660698e-001 
 2.141280e-010  2.652303e-001  2.141280e-010  1.007146e-001  2.141280e-010  9.698025e-001 
 2.142280e-010  2.821154e-001  2.142280e-010  9.535485e-002  2.142280e-010  9.733566e-001 
 2.143280e-010  2.990795e-001  2.143280e-010  9.038816e-002  2.143280e-010  9.766980e-001 
 2.144280e-010  3.160669e-001  2.144280e-010  8.577123e-002  2.144280e-010  9.797849e-001 
 2.145280e-010  3.330155e-001  2.145280e-010  8.145641e-002  2.145280e-010  9.825697e-001 
 2.146280e-010  3.498661e-001  2.146280e-010  7.740312e-002  2.146280e-010  9.849982e-001 
 2.147280e-010  3.665680e-001  2.147280e-010  7.356989e-002  2.147280e-010  9.870125e-001 
 2.148280e-010  3.830910e-001  2.148280e-010  6.992557e-002  2.148280e-010  9.885522e-001 
 2.149280e-010  3.994263e-001  2.149280e-010  6.644045e-002  2.149280e-010  9.895562e-001 
 2.150280e-010  4.155825e-001  2.150280e-010  6.309432e-002  2.150280e-010  9.899640e-001 
 2.151280e-010  4.315783e-001  2.151280e-010  5.986613e-002  2.151280e-010  9.897170e-001 
 2.152280e-010  4.474333e-001  2.152280e-010  5.674135e-002  2.152280e-010  9.887589e-001 
 2.153280e-010  4.631640e-001  2.153280e-010  5.370321e-002  2.153280e-010  9.870400e-001 
 2.154280e-010  4.787768e-001  2.154280e-010  5.074108e-002  2.154280e-010  9.845218e-001 
 2.155280e-010  4.942659e-001  2.155280e-010  4.784247e-002  2.155280e-010  9.811812e-001 
 2.156280e-010  5.096107e-001  2.156280e-010  4.500060e-002  2.156280e-010  9.770100e-001 
 2.157280e-010  5.247818e-001  2.157280e-010  4.220619e-002  2.157280e-010  9.720106e-001 
 2.158280e-010  5.397449e-001  2.158280e-010  3.945504e-002  2.158280e-010  9.661923e-001 
 2.159280e-010  5.544686e-001  2.159280e-010  3.674077e-002  2.159280e-010  9.595685e-001 
 2.160280e-010  5.689245e-001  2.160280e-010  3.406223e-002  2.160280e-010  9.521561e-001 
 2.161280e-010  5.830903e-001  2.161280e-010  3.141612e-002  2.161280e-010  9.439750e-001 
 2.162280e-010  5.969459e-001  2.162280e-010  2.880371e-002  2.162280e-010  9.350475e-001 
 2.163280e-010  6.104758e-001  2.163280e-010  2.622341e-002  2.163280e-010  9.253976e-001 
 2.164280e-010  6.236649e-001  2.164280e-010  2.367740e-002  2.164280e-010  9.150506e-001 
 2.165280e-010  6.365017e-001  2.165280e-010  2.116465e-002  2.165280e-010  9.040322e-001 
 2.166280e-010  6.489749e-001  2.166280e-010  1.868751e-002  2.166280e-010  8.923688e-001 
 2.167280e-010  6.610769e-001  2.167280e-010  1.624514e-002  2.167280e-010  8.800867e-001 
 2.168280e-010  6.728000e-001  2.168280e-010  1.383992e-002  2.168280e-010  8.672126e-001 
 2.169280e-010  6.841408e-001  2.169280e-010  1.147115e-002  2.169280e-010  8.537728e-001 
 2.170280e-010  6.950959e-001  2.170280e-010  9.141242e-003  2.170280e-010  8.397939e-001 
 2.171280e-010  7.056661e-001  2.171280e-010  6.849614e-003  2.171280e-010  8.253017e-001 
 2.172280e-010  7.158524e-001  2.172280e-010  4.598763e-003  2.172280e-010  8.103217e-001 
 2.173280e-010  7.256598e-001  2.173280e-010  2.388433e-003  2.173280e-010  7.948784e-001 
 2.174280e-010  7.350939e-001  2.174280e-010  2.216090e-004  2.174280e-010  7.789965e-001 
 2.175280e-010  7.440748e-001  2.175280e-010 -2.158784e-003  2.175280e-010  7.625200e-001 
 2.176280e-010  7.527133e-001  2.176280e-010 -4.470624e-003  2.176280e-010  7.456551e-001 
 2.177280e-010  7.610302e-001  2.177280e-010 -6.688655e-003  2.177280e-010  7.284490e-001 
 2.178280e-010  7.690369e-001  2.178280e-010 -8.802864e-003  2.178280e-010  7.109299e-001 
 2.179280e-010  7.767469e-001  2.179280e-010 -1.081361e-002  2.179280e-010  6.931364e-001 
 2.180280e-010  7.841774e-001  2.180280e-010 -1.269939e-002  2.180280e-010  6.751174e-001 
 2.181280e-010  7.913475e-001  2.181280e-010 -1.444805e-002  2.181280e-010  6.569332e-001 
 2.182280e-010  7.982775e-001  2.182280e-010 -1.602358e-002  2.182280e-010  6.386446e-001 
 2.183280e-010  8.049850e-001  2.183280e-010 -1.740007e-002  2.183280e-010  6.203002e-001 
 2.184280e-010  8.114835e-001  2.184280e-010 -1.853078e-002  2.184280e-010  6.019239e-001 
 2.185280e-010  8.177815e-001  2.185280e-010 -1.938558e-002  2.185280e-010  5.835186e-001 
 2.186280e-010  8.238852e-001  2.186280e-010 -1.991952e-002  2.186280e-010  5.650732e-001 
 2.187280e-010  8.297985e-001  2.187280e-010 -2.010749e-002  2.187280e-010  5.465721e-001 
 2.188280e-010  8.355254e-001  2.188280e-010 -1.990814e-002  2.188280e-010  5.279939e-001 
 2.189280e-010  8.410692e-001  2.189280e-010 -1.929485e-002  2.189280e-010  5.093136e-001 
 2.190280e-010  8.464346e-001  2.190280e-010 -1.821720e-002  2.190280e-010  4.904976e-001 
 2.191280e-010  8.516283e-001  2.191280e-010 -1.663410e-002  2.191280e-010  4.715168e-001 
 2.192280e-010  8.566622e-001  2.192280e-010 -1.448260e-002  2.192280e-010  4.523594e-001 
 2.193280e-010  8.615545e-001  2.193280e-010 -1.172201e-002  2.193280e-010  4.330617e-001 
 2.194280e-010  8.663283e-001  2.194280e-010 -8.303895e-003  2.194280e-010  4.136982e-001 
 2.195280e-010  8.710078e-001  2.195280e-010 -4.206744e-003  2.195280e-010  3.943701e-001 
 2.196280e-010  8.756137e-001  2.196280e-010  6.042578e-004  2.196280e-010  3.751659e-001 
 2.197280e-010  8.801625e-001  2.197280e-010  6.139318e-003  2.197280e-010  3.561670e-001 
 2.198280e-010  8.846703e-001  2.198280e-010  1.242514e-002  2.198280e-010  3.374526e-001 
 2.199280e-010  8.891492e-001  2.199280e-010  1.946012e-002  2.199280e-010  3.190985e-001 
 2.200280e-010  8.936097e-001  2.200280e-010  2.725586e-002  2.200280e-010  3.011762e-001 
 2.201280e-010  8.980632e-001  2.201280e-010  3.580135e-002  2.201280e-010  2.837718e-001 
 2.202280e-010  9.025182e-001  2.202280e-010  4.509742e-002  2.202280e-010  2.669607e-001 
 2.203280e-010  9.069819e-001  2.203280e-010  5.512149e-002  2.203280e-010  2.508211e-001 
 2.204280e-010  9.114564e-001  2.204280e-010  6.586136e-002  2.204280e-010  2.354079e-001 
 2.205280e-010  9.159418e-001  2.205280e-010  7.728213e-002  2.205280e-010  2.207708e-001 
 2.206280e-010  9.204330e-001  2.206280e-010  8.936012e-002  2.206280e-010  2.069330e-001 
 2.207280e-010  9.249240e-001  2.207280e-010  1.020516e-001  2.207280e-010  1.939135e-001 
 2.208280e-010  9.294050e-001  2.208280e-010  1.153261e-001  2.208280e-010  1.817071e-001 
 2.209280e-010  9.338664e-001  2.209280e-010  1.291357e-001  2.209280e-010  1.703085e-001 
 2.210280e-010  9.382960e-001  2.210280e-010  1.434471e-001  2.210280e-010  1.596920e-001 
 2.211280e-010  9.426828e-001  2.211280e-010  1.582117e-001  2.211280e-010  1.498359e-001 
 2.212280e-010  9.470136e-001  2.212280e-010  1.733955e-001  2.212280e-010  1.407015e-001 
 2.213280e-010  9.512763e-001  2.213280e-010  1.889503e-001  2.213280e-010  1.322571e-001 
 2.214280e-010  9.554565e-001  2.214280e-010  2.048420e-001  2.214280e-010  1.244569e-001 
 2.215280e-010  9.595402e-001  2.215280e-010  2.210224e-001  2.215280e-010  1.172640e-001 
 2.216280e-010  9.635092e-001  2.216280e-010  2.374567e-001  2.216280e-010  1.106289e-001 
 2.217280e-010  9.673444e-001  2.217280e-010  2.540954e-001  2.217280e-010  1.045124e-001 
 2.218280e-010  9.710201e-001  2.218280e-010  2.709002e-001  2.218280e-010  9.886371e-002 
 2.219280e-010  9.745071e-001  2.219280e-010  2.878161e-001  2.219280e-010  9.364252e-002 
 2.220280e-010  9.777676e-001  2.220280e-010  3.047964e-001  2.220280e-010  8.879746e-002 
 2.221280e-010  9.807588e-001  2.221280e-010  3.217760e-001  2.221280e-010  8.428830e-002 
 2.222280e-010  9.834297e-001  2.222280e-010  3.386996e-001  2.222280e-010  8.006497e-002 
 2.223280e-010  9.857257e-001  2.223280e-010  3.555034e-001  2.223280e-010  7.609100e-002 
 2.224280e-010  9.875869e-001  2.224280e-010  3.721489e-001  2.224280e-010  7.232359e-002 
 2.225280e-010  9.889534e-001  2.225280e-010  3.886073e-001  2.225280e-010  6.873680e-002 
 2.226280e-010  9.897632e-001  2.226280e-010  4.048820e-001  2.226280e-010  6.529956e-002 
 2.227280e-010  9.899574e-001  2.227280e-010  4.209808e-001  2.227280e-010  6.199628e-002 
 2.228280e-010  9.894769e-001  2.228280e-010  4.369282e-001  2.228280e-010  5.880346e-002 
 2.229280e-010  9.882682e-001  2.229280e-010  4.527388e-001  2.229280e-010  5.571057e-002 
 2.230280e-010  9.862837e-001  2.230280e-010  4.684307e-001  2.230280e-010  5.269813e-002 
 2.231280e-010  9.834908e-001  2.231280e-010  4.840023e-001  2.231280e-010  4.975962e-002 
 2.232280e-010  9.798708e-001  2.232280e-010  4.994467e-001  2.232280e-010  4.687983e-002 
 2.233280e-010  9.754205e-001  2.233280e-010  5.147358e-001  2.233280e-010  4.405587e-002 
 2.234280e-010  9.701441e-001  2.234280e-010  5.298416e-001  2.234280e-010  4.127546e-002 
 2.235280e-010  9.640533e-001  2.235280e-010  5.447266e-001  2.235280e-010  3.853830e-002 
 2.236280e-010  9.571619e-001  2.236280e-010  5.593640e-001  2.236280e-010  3.583515e-002 
 2.237280e-010  9.494887e-001  2.237280e-010  5.737238e-001  2.237280e-010  3.316879e-002 
 2.238280e-010  9.410536e-001  2.238280e-010  5.877881e-001  2.238280e-010  3.053289e-002 
 2.239280e-010  9.318805e-001  2.239280e-010  6.015350e-001  2.239280e-010  2.793238e-002 
 2.240280e-010  9.219930e-001  2.240280e-010  6.149525e-001  2.240280e-010  2.536243e-002 
 2.241280e-010  9.114174e-001  2.241280e-010  6.280235e-001  2.241280e-010  2.282865e-002 
 2.242280e-010  9.001789e-001  2.242280e-010  6.407399e-001  2.242280e-010  2.032669e-002 
 2.243280e-010  8.883046e-001  2.243280e-010  6.530882e-001  2.243280e-010  1.786227e-002 
 2.244280e-010  8.758201e-001  2.244280e-010  6.650641e-001  2.244280e-010  1.543121e-002 
 2.245280e-010  8.627529e-001  2.245280e-010  6.766583e-001  2.245280e-010  1.303925e-002 
 2.246280e-010  8.491286e-001  2.246280e-010  6.878702e-001  2.246280e-010  1.068238e-002 
 2.247280e-010  8.349743e-001  2.247280e-010  6.986950e-001  2.247280e-010  8.366311e-003 
 2.248280e-010  8.203150e-001  2.248280e-010  7.091364e-001  2.248280e-010  6.087222e-003 
 2.249280e-010  8.051765e-001  2.249280e-010  7.191939e-001  2.249280e-010  3.850911e-003 
 2.250280e-010  7.895828e-001  2.250280e-010  7.288756e-001  2.250280e-010  1.653978e-003 
 2.251280e-010  7.735117e-001  2.251280e-010  7.381621e-001  2.251280e-010 -5.653986e-004 
 2.252280e-010  7.568863e-001  2.252280e-010  7.470188e-001  2.252280e-010 -2.946967e-003 
 2.253280e-010  7.399038e-001  2.253280e-010  7.555475e-001  2.253280e-010 -5.225762e-003 
 2.254280e-010  7.225886e-001  2.254280e-010  7.637590e-001  2.254280e-010 -7.411178e-003 
 2.255280e-010  7.049724e-001  2.255280e-010  7.716636e-001  2.255280e-010 -9.490150e-003 
 2.256280e-010  6.870967e-001  2.256280e-010  7.792779e-001  2.256280e-010 -1.146247e-002 
 2.257280e-010  6.690152e-001  2.257280e-010  7.866181e-001  2.257280e-010 -1.330317e-002 
 2.258280e-010  6.507891e-001  2.258280e-010  7.937056e-001  2.258280e-010 -1.499879e-002 
 2.259280e-010  6.324775e-001  2.259280e-010  8.005584e-001  2.259280e-010 -1.650985e-002 
 2.260280e-010  6.141208e-001  2.260280e-010  8.071947e-001  2.260280e-010 -1.780974e-002 
 2.261280e-010  5.957353e-001  2.261280e-010  8.136245e-001  2.261280e-010 -1.885025e-002 
 2.262280e-010  5.773180e-001  2.262280e-010  8.198570e-001  2.262280e-010 -1.960273e-002 
 2.263280e-010  5.588559e-001  2.263280e-010  8.258958e-001  2.263280e-010 -2.002231e-002 
 2.264280e-010  5.403314e-001  2.264280e-010  8.317463e-001  2.264280e-010 -2.008535e-002 
 2.265280e-010  5.217220e-001  2.265280e-010  8.374107e-001  2.265280e-010 -1.974929e-002 
 2.266280e-010  5.029999e-001  2.266280e-010  8.428943e-001  2.266280e-010 -1.898651e-002 
 2.267280e-010  4.841312e-001  2.267280e-010  8.482006e-001  2.267280e-010 -1.774309e-002 
 2.268280e-010  4.650904e-001  2.268280e-010  8.533393e-001  2.268280e-010 -1.597644e-002 
 2.269280e-010  4.458793e-001  2.269280e-010  8.583228e-001  2.269280e-010 -1.362344e-002 
 2.270280e-010  4.265495e-001  2.270280e-010  8.631729e-001  2.270280e-010 -1.064716e-002 
 2.271280e-010  4.071866e-001  2.271280e-010  8.679120e-001  2.271280e-010 -7.002075e-003 
 2.272280e-010  3.878908e-001  2.272280e-010  8.725650e-001  2.272280e-010 -2.669047e-003 
 2.273280e-010  3.687435e-001  2.273280e-010  8.771487e-001  2.273280e-010  2.383970e-003 
 2.274280e-010  3.498325e-001  2.274280e-010  8.816827e-001  2.274280e-010  8.168889e-003 
 2.275280e-010  3.312309e-001  2.275280e-010  8.861792e-001  2.275280e-010  1.470788e-002 
 2.276280e-010  3.130139e-001  2.276280e-010  8.906512e-001  2.276280e-010  2.199740e-002 
 2.277280e-010  2.952563e-001  2.277280e-010  8.951079e-001  2.277280e-010  3.004753e-002 
 2.278280e-010  2.780434e-001  2.278280e-010  8.995614e-001  2.278280e-010  3.884541e-002 
 2.279280e-010  2.614503e-001  2.279280e-010  9.040185e-001  2.279280e-010  4.838987e-002 
 2.280280e-010  2.455497e-001  2.280280e-010  9.084861e-001  2.280280e-010  5.865612e-002 
 2.281280e-010  2.303931e-001  2.281280e-010  9.129642e-001  2.281280e-010  6.962980e-002 
 2.282280e-010  2.160232e-001  2.282280e-010  9.174526e-001  2.282280e-010  8.127425e-002 
 2.283280e-010  2.024595e-001  2.283280e-010  9.219443e-001  2.283280e-010  9.356420e-002 
 2.284280e-010  1.897147e-001  2.284280e-010  9.264334e-001  2.284280e-010  1.064550e-001 
 2.285280e-010  1.777814e-001  2.285280e-010  9.309087e-001  2.285280e-010  1.199154e-001 
 2.286280e-010  1.666492e-001  2.286280e-010  9.353611e-001  2.286280e-010  1.338973e-001 
 2.287280e-010  1.562915e-001  2.287280e-010  9.397773e-001  2.287280e-010  1.483670e-001 
 2.288280e-010  1.466828e-001  2.288280e-010  9.441471e-001  2.288280e-010  1.632762e-001 
 2.289280e-010  1.377844e-001  2.289280e-010  9.484561e-001  2.289280e-010  1.785906e-001 
 2.290280e-010  1.295620e-001  2.290280e-010  9.526930e-001  2.290280e-010  1.942623e-001 
 2.291280e-010  1.219704e-001  2.291280e-010  9.568421e-001  2.291280e-010  2.102568e-001 
 2.292280e-010  1.149708e-001  2.292280e-010  9.608896e-001  2.292280e-010  2.265264e-001 
 2.293280e-010  1.085147e-001  2.293280e-010  9.648157e-001  2.293280e-010  2.430353e-001 
 2.294280e-010  1.025614e-001  2.294280e-010  9.686006e-001  2.294280e-010  2.597341e-001 
 2.295280e-010  9.706103e-002  2.295280e-010  9.722162e-001  2.295280e-010  2.765829e-001 
 2.296280e-010  9.197224e-002  2.296280e-010  9.756317e-001  2.296280e-010  2.935258e-001 
 2.297280e-010  8.724461e-002  2.297280e-010  9.788065e-001  2.297280e-010  3.105135e-001 
 2.298280e-010  8.283725e-002  2.298280e-010  9.816961e-001  2.298280e-010  3.274804e-001 
 2.299280e-010  7.870161e-002  2.299280e-010  9.842469e-001  2.299280e-010  3.443703e-001 
 2.300280e-010  7.480180e-002  2.300280e-010  9.864037e-001  2.300280e-010  3.611243e-001 
 2.301280e-010  7.109762e-002  2.301280e-010  9.881049e-001  2.301280e-010  3.777087e-001 
 2.302280e-010  6.756454e-002  2.302280e-010  9.892911e-001  2.302280e-010  3.941043e-001 
 2.303280e-010  6.417377e-002  2.303280e-010  9.899001e-001  2.303280e-010  4.103181e-001 
 2.304280e-010  6.091037e-002  2.304280e-010  9.898740e-001  2.304280e-010  4.263635e-001 
 2.305280e-010  5.775206e-002  2.305280e-010  9.891539e-001  2.305280e-010  4.422630e-001 
 2.306280e-010  5.468854e-002  2.306280e-010  9.876891e-001  2.306280e-010  4.580325e-001 
 2.307280e-010  5.170138e-002  2.307280e-010  9.854352e-001  2.307280e-010  4.736844e-001 
 2.308280e-010  4.878447e-002  2.308280e-010  9.823655e-001  2.308280e-010  4.892151e-001 
 2.309280e-010  4.592350e-002  2.309280e-010  9.784657e-001  2.309280e-010  5.046104e-001 
 2.310280e-010  4.311574e-002  2.310280e-010  9.737367e-001  2.310280e-010  5.198416e-001 
 2.311280e-010  4.034960e-002  2.311280e-010  9.681846e-001  2.311280e-010  5.348767e-001 
 2.312280e-010  3.762509e-002  2.312280e-010  9.618228e-001  2.312280e-010  5.496817e-001 
 2.313280e-010  3.493369e-002  2.313280e-010  9.546660e-001  2.313280e-010  5.642282e-001 
 2.314280e-010  3.227848e-002  2.314280e-010  9.467342e-001  2.314280e-010  5.784909e-001 
 2.315280e-010  2.965366e-002  2.315280e-010  9.380479e-001  2.315280e-010  5.924502e-001 
 2.316280e-010  2.706421e-002  2.316280e-010  9.286317e-001  2.316280e-010  6.060880e-001 
 2.317280e-010  2.450554e-002  2.317280e-010  9.185096e-001  2.317280e-010  6.193902e-001 
 2.318280e-010  2.198322e-002  2.318280e-010  9.077082e-001  2.318280e-010  6.323432e-001 
 2.319280e-010  1.949298e-002  2.319280e-010  8.962526e-001  2.319280e-010  6.449366e-001 
 2.320280e-010  1.704052e-002  2.320280e-010  8.841701e-001  2.320280e-010  6.571606e-001 
 2.321280e-010  1.462171e-002  2.321280e-010  8.714864e-001  2.321280e-010  6.690084e-001 
 2.322280e-010  1.224228e-002  2.322280e-010  8.582290e-001  2.322280e-010  6.804744e-001 
 2.323280e-010  9.898219e-003  2.323280e-010  8.444232e-001  2.323280e-010  6.915560e-001 
 2.324280e-010  7.595303e-003  2.324280e-010  8.300963e-001  2.324280e-010  7.022517e-001 
 2.325280e-010  5.329672e-003  2.325280e-010  8.152728e-001  2.325280e-010  7.125633e-001 
 2.326280e-010  3.107260e-003  2.326280e-010  7.999786e-001  2.326280e-010  7.224939e-001 
 2.327280e-010  9.246976e-004  2.327280e-010  7.842372e-001  2.327280e-010  7.320494e-001 
 2.328280e-010 -1.376559e-003  2.328280e-010  7.679591e-001  2.328280e-010  7.411804e-001 
 2.329280e-010 -3.723736e-003  2.329280e-010  7.512106e-001  2.329280e-010  7.499256e-001 
 2.330280e-010 -5.971093e-003  2.330280e-010  7.341133e-001  2.330280e-010  7.583464e-001 
 2.331280e-010 -8.121776e-003  2.331280e-010  7.166925e-001  2.331280e-010  7.664530e-001 
 2.332280e-010 -1.016606e-002  2.332280e-010  6.989840e-001  2.332280e-010  7.742582e-001 
 2.333280e-010 -1.209649e-002  2.333280e-010  6.810322e-001  2.333280e-010  7.817779e-001 
 2.334280e-010 -1.389116e-002  2.334280e-010  6.628951e-001  2.334280e-010  7.890308e-001 
 2.335280e-010 -1.552862e-002  2.335280e-010  6.446341e-001  2.335280e-010  7.960371e-001 
 2.336280e-010 -1.697276e-002  2.336280e-010  6.263041e-001  2.336280e-010  8.028156e-001 
 2.337280e-010 -1.818992e-002  2.337280e-010  6.079368e-001  2.337280e-010  8.093811e-001 
 2.338280e-010 -1.913755e-002  2.338280e-010  5.895418e-001  2.338280e-010  8.157440e-001 
 2.339280e-010 -1.978196e-002  2.339280e-010  5.711109e-001  2.339280e-010  8.219106e-001 
 2.340280e-010 -2.008511e-002  2.340280e-010  5.526302e-001  2.340280e-010  8.278858e-001 
 2.341280e-010 -2.001778e-002  2.341280e-010  5.340796e-001  2.341280e-010  8.336731e-001 
 2.342280e-010 -1.954251e-002  2.342280e-010  5.154360e-001  2.342280e-010  8.392763e-001 
 2.343280e-010 -1.862346e-002  2.343280e-010  4.966680e-001  2.343280e-010  8.446994e-001 
 2.344280e-010 -1.721000e-002  2.344280e-010  4.777437e-001  2.344280e-010  8.499483e-001 
 2.345280e-010 -1.525187e-002  2.345280e-010  4.586428e-001  2.345280e-010  8.550327e-001 
 2.346280e-010 -1.269377e-002  2.346280e-010  4.393842e-001  2.346280e-010  8.599690e-001 
 2.347280e-010 -9.495977e-003  2.347280e-010  4.200319e-001  2.347280e-010  8.647788e-001 
 2.348280e-010 -5.622389e-003  2.348280e-010  4.006814e-001  2.348280e-010  8.694866e-001 
 2.349280e-010 -1.048940e-003  2.349280e-010  3.814273e-001  2.349280e-010  8.741144e-001 
 2.350280e-010  4.247613e-003  2.350280e-010  3.623493e-001  2.350280e-010  8.786794e-001 
 2.351280e-010  1.028554e-002  2.351280e-010  3.435342e-001  2.351280e-010  8.831993e-001 
 2.352280e-010  1.707659e-002  2.352280e-010  3.250543e-001  2.352280e-010  8.876866e-001 
 2.353280e-010  2.462228e-002  2.353280e-010  3.069822e-001  2.353280e-010  8.921519e-001 
 2.354280e-010  3.292467e-002  2.354280e-010  2.893995e-001  2.354280e-010  8.966067e-001 
 2.355280e-010  4.197530e-002  2.355280e-010  2.723860e-001  2.355280e-010  9.010603e-001 
 2.356280e-010  5.176470e-002  2.356280e-010  2.560195e-001  2.356280e-010  9.055208e-001 
 2.357280e-010  6.227195e-002  2.357280e-010  2.403633e-001  2.357280e-010  9.099917e-001 
 2.358280e-010  7.347471e-002  2.358280e-010  2.254685e-001  2.358280e-010  9.144740e-001 
 2.359280e-010  8.534039e-002  2.359280e-010  2.113674e-001  2.359280e-010  9.189639e-001 
 2.360280e-010  9.783670e-002  2.360280e-010  1.980797e-001  2.360280e-010  9.234560e-001 
 2.361280e-010  1.109237e-001  2.361280e-010  1.856083e-001  2.361280e-010  9.279413e-001 
 2.362280e-010  1.245640e-001  2.362280e-010  1.739473e-001  2.362280e-010  9.324104e-001 
 2.363280e-010  1.387148e-001  2.363280e-010  1.630779e-001  2.363280e-010  9.368516e-001 
 2.364280e-010  1.533369e-001  2.364280e-010  1.529765e-001  2.364280e-010  9.412539e-001 
 2.365280e-010  1.683872e-001  2.365280e-010  1.436102e-001  2.365280e-010  9.456043e-001 
 2.366280e-010  1.838263e-001  2.366280e-010  1.349445e-001  2.366280e-010  9.498908e-001 
 2.367280e-010  1.996113e-001  2.367280e-010  1.269384e-001  2.367280e-010  9.540996e-001 
 2.368280e-010  2.157029e-001  2.368280e-010  1.195516e-001  2.368280e-010  9.582166e-001 
 2.369280e-010  2.320579e-001  2.369280e-010  1.127392e-001  2.369280e-010  9.622251e-001 
 2.370280e-010  2.486355e-001  2.370280e-010  1.064580e-001  2.370280e-010  9.661066e-001 
 2.371280e-010  2.653902e-001  2.371280e-010  1.006616e-001  2.371280e-010  9.698374e-001 
 2.372280e-010  2.822763e-001  2.372280e-010  9.530542e-002  2.372280e-010  9.733899e-001 
 2.373280e-010  2.992409e-001  2.373280e-010  9.034269e-002  2.373280e-010  9.767289e-001 
 2.374280e-010  3.162283e-001  2.374280e-010  8.572845e-002  2.374280e-010  9.798134e-001 
 2.375280e-010  3.331762e-001  2.375280e-010  8.141674e-002  2.375280e-010  9.825948e-001 
 2.376280e-010  3.500255e-001  2.376280e-010  7.736533e-002  2.376280e-010  9.850199e-001 
 2.377280e-010  3.667260e-001  2.377280e-010  7.353447e-002  2.377280e-010  9.870298e-001 
 2.378280e-010  3.832471e-001  2.378280e-010  6.989137e-002  2.378280e-010  9.885648e-001 
 2.379280e-010  3.995807e-001  2.379280e-010  6.640811e-002  2.379280e-010  9.895632e-001 
 2.380280e-010  4.157353e-001  2.380280e-010  6.306277e-002  2.380280e-010  9.899654e-001 
 2.381280e-010  4.317297e-001  2.381280e-010  5.983607e-002  2.381280e-010  9.897116e-001 
 2.382280e-010  4.475833e-001  2.382280e-010  5.671176e-002  2.382280e-010  9.887467e-001 
 2.383280e-010  4.633131e-001  2.383280e-010  5.367485e-002  2.383280e-010  9.870201e-001 
 2.384280e-010  4.789246e-001  2.384280e-010  5.071293e-002  2.384280e-010  9.844944e-001 
 2.385280e-010  4.944126e-001  2.385280e-010  4.781535e-002  2.385280e-010  9.811457e-001 
 2.386280e-010  5.097557e-001  2.386280e-010  4.497353e-002  2.386280e-010  9.769668e-001 
 2.387280e-010  5.249252e-001  2.387280e-010  4.218000e-002  2.387280e-010  9.719594e-001 
 2.388280e-010  5.398859e-001  2.388280e-010  3.942879e-002  2.388280e-010  9.661336e-001 
 2.389280e-010  5.546075e-001  2.389280e-010  3.671530e-002  2.389280e-010  9.595019e-001 
 2.390280e-010  5.690605e-001  2.390280e-010  3.403664e-002  2.390280e-010  9.520824e-001 
 2.391280e-010  5.832237e-001  2.391280e-010  3.139130e-002  2.391280e-010  9.438938e-001 
 2.392280e-010  5.970761e-001  2.392280e-010  2.877875e-002  2.392280e-010  9.349595e-001 
 2.393280e-010  6.106030e-001  2.393280e-010  2.619922e-002  2.393280e-010  9.253026e-001 
 2.394280e-010  6.237885e-001  2.394280e-010  2.365309e-002  2.394280e-010  9.149494e-001 
 2.395280e-010  6.366222e-001  2.395280e-010  2.114112e-002  2.395280e-010  9.039245e-001 
 2.396280e-010  6.490917e-001  2.396280e-010  1.866387e-002  2.396280e-010  8.922554e-001 
 2.397280e-010  6.611902e-001  2.397280e-010  1.622228e-002  2.397280e-010  8.799673e-001 
 2.398280e-010  6.729096e-001  2.398280e-010  1.381697e-002  2.398280e-010  8.670879e-001 
 2.399280e-010  6.842469e-001  2.399280e-010  1.144901e-002  2.399280e-010  8.536426e-001 
 2.400280e-010  6.951982e-001  2.400280e-010  9.119022e-003  2.400280e-010  8.396589e-001 
 2.401280e-010  7.057649e-001  2.401280e-010  6.828216e-003  2.401280e-010  8.251617e-001 
 2.402280e-010  7.159473e-001  2.402280e-010  4.577307e-003  2.402280e-010  8.101774e-001 
 2.403280e-010  7.257514e-001  2.403280e-010  2.367821e-003  2.403280e-010  7.947297e-001 
 2.404280e-010  7.351818e-001  2.404280e-010  2.009705e-004  2.404280e-010  7.788439e-001 
 2.405280e-010  7.441586e-001  2.405280e-010 -2.181173e-003  2.405280e-010  7.623615e-001 
 2.406280e-010  7.527937e-001  2.406280e-010 -4.492537e-003  2.406280e-010  7.454934e-001 
 2.407280e-010  7.611079e-001  2.407280e-010 -6.709153e-003  2.407280e-010  7.282840e-001 
 2.408280e-010  7.691114e-001  2.408280e-010 -8.822834e-003  2.408280e-010  7.107623e-001 
 2.409280e-010  7.768189e-001  2.409280e-010 -1.083203e-002  2.409280e-010  6.929662e-001 
 2.410280e-010  7.842467e-001  2.410280e-010 -1.271703e-002  2.410280e-010  6.749455e-001 
 2.411280e-010  7.914146e-001  2.411280e-010 -1.446376e-002  2.411280e-010  6.567598e-001 
 2.412280e-010  7.983422e-001  2.412280e-010 -1.603797e-002  2.412280e-010  6.384707e-001 
 2.413280e-010  8.050478e-001  2.413280e-010 -1.741190e-002  2.413280e-010  6.201257e-001 
 2.414280e-010  8.115442e-001  2.414280e-010 -1.854056e-002  2.414280e-010  6.017494e-001 
 2.415280e-010  8.178406e-001  2.415280e-010 -1.939208e-002  2.415280e-010  5.833436e-001 
 2.416280e-010  8.239422e-001  2.416280e-010 -1.992328e-002  2.416280e-010  5.648979e-001 
 2.417280e-010  8.298540e-001  2.417280e-010 -2.010733e-002  2.417280e-010  5.463960e-001 
 2.418280e-010  8.355788e-001  2.418280e-010 -1.990461e-002  2.418280e-010  5.278172e-001 
 2.419280e-010  8.411211e-001  2.419280e-010 -1.928673e-002  2.419280e-010  5.091355e-001 
 2.420280e-010  8.464846e-001  2.420280e-010 -1.820490e-002  2.420280e-010  4.903182e-001 
 2.421280e-010  8.516770e-001  2.421280e-010 -1.661630e-002  2.421280e-010  4.713356e-001 
 2.422280e-010  8.567092e-001  2.422280e-010 -1.445958e-002  2.422280e-010  4.521767e-001 
 2.423280e-010  8.616005e-001  2.423280e-010 -1.169257e-002  2.423280e-010  4.328780e-001 
 2.424280e-010  8.663731e-001  2.424280e-010 -8.268481e-003  2.424280e-010  4.135144e-001 
 2.425280e-010  8.710520e-001  2.425280e-010 -4.164329e-003  2.425280e-010  3.941870e-001 
 2.426280e-010  8.756571e-001  2.426280e-010  6.531400e-004  2.426280e-010  3.749844e-001 
 2.427280e-010  8.802057e-001  2.427280e-010  6.195663e-003  2.427280e-010  3.559880e-001 
 2.428280e-010  8.847130e-001  2.428280e-010  1.248823e-002  2.428280e-010  3.372767e-001 
 2.429280e-010  8.891918e-001  2.429280e-010  1.953075e-002  2.429280e-010  3.189263e-001 
 2.430280e-010  8.936520e-001  2.430280e-010  2.733328e-002  2.430280e-010  3.010085e-001 
 2.431280e-010  8.981056e-001  2.431280e-010  3.588626e-002  2.431280e-010  2.836094e-001 
 2.432280e-010  9.025605e-001  2.432280e-010  4.518899e-002  2.432280e-010  2.668044e-001 
 2.433280e-010  9.070245e-001  2.433280e-010  5.522028e-002  2.433280e-010  2.506714e-001 
 2.434280e-010  9.114989e-001  2.434280e-010  6.596641e-002  2.434280e-010  2.352653e-001 
 2.435280e-010  9.159846e-001  2.435280e-010  7.739390e-002  2.435280e-010  2.206357e-001 
 2.436280e-010  9.204756e-001  2.436280e-010  8.947756e-002  2.436280e-010  2.068057e-001 
 2.437280e-010  9.249668e-001  2.437280e-010  1.021751e-001  2.437280e-010  1.937939e-001 
 2.438280e-010  9.294474e-001  2.438280e-010  1.154545e-001  2.438280e-010  1.815952e-001 
 2.439280e-010  9.339087e-001  2.439280e-010  1.292693e-001  2.439280e-010  1.702041e-001 
 2.440280e-010  9.383378e-001  2.440280e-010  1.435849e-001  2.440280e-010  1.595950e-001 
 2.441280e-010  9.427243e-001  2.441280e-010  1.583540e-001  2.441280e-010  1.497459e-001 
 2.442280e-010  9.470543e-001  2.442280e-010  1.735413e-001  2.442280e-010  1.406182e-001 
 2.443280e-010  9.513166e-001  2.443280e-010  1.890997e-001  2.443280e-010  1.321801e-001 
 2.444280e-010  9.554957e-001  2.444280e-010  2.049940e-001  2.444280e-010  1.243859e-001 
 2.445280e-010  9.595786e-001  2.445280e-010  2.211774e-001  2.445280e-010  1.171984e-001 
 2.446280e-010  9.635462e-001  2.446280e-010  2.376135e-001  2.446280e-010  1.105685e-001 
 2.447280e-010  9.673802e-001  2.447280e-010  2.542543e-001  2.447280e-010  1.044567e-001 
 2.448280e-010  9.710541e-001  2.448280e-010  2.710601e-001  2.448280e-010  9.881223e-002 
 2.449280e-010  9.745393e-001  2.449280e-010  2.879772e-001  2.449280e-010  9.359485e-002 
 2.450280e-010  9.777972e-001  2.450280e-010  3.049574e-001  2.450280e-010  8.875316e-002 
 2.451280e-010  9.807859e-001  2.451280e-010  3.219371e-001  2.451280e-010  8.424695e-002 
 2.452280e-010  9.834532e-001  2.452280e-010  3.388595e-001  2.452280e-010  8.002616e-002 
 2.453280e-010  9.857456e-001  2.453280e-010  3.556623e-001  2.453280e-010  7.605433e-002 
 2.454280e-010  9.876022e-001  2.454280e-010  3.723058e-001  2.454280e-010  7.228876e-002 
 2.455280e-010  9.889639e-001  2.455280e-010  3.887627e-001  2.455280e-010  6.870351e-002 
 2.456280e-010  9.897679e-001  2.456280e-010  4.050354e-001  2.456280e-010  6.526762e-002 
 2.457280e-010  9.899563e-001  2.457280e-010  4.211329e-001  2.457280e-010  6.196548e-002 
 2.458280e-010  9.894689e-001  2.458280e-010  4.370787e-001  2.458280e-010  5.877368e-002 
 2.459280e-010  9.882532e-001  2.459280e-010  4.528883e-001  2.459280e-010  5.568161e-002 
 2.460280e-010  9.862610e-001  2.460280e-010  4.685790e-001  2.460280e-010  5.266992e-002 
 2.461280e-010  9.834605e-001  2.461280e-010  4.841496e-001  2.461280e-010  4.973202e-002 
 2.462280e-010  9.798324e-001  2.462280e-010  4.995925e-001  2.462280e-010  4.685279e-002 
 2.463280e-010  9.753744e-001  2.463280e-010  5.148801e-001  2.463280e-010  4.402928e-002 
 2.464280e-010  9.700900e-001  2.464280e-010  5.299838e-001  2.464280e-010  4.124930e-002 
 2.465280e-010  9.639918e-001  2.465280e-010  5.448668e-001  2.465280e-010  3.851249e-002 
 2.466280e-010  9.570927e-001  2.466280e-010  5.595015e-001  2.466280e-010  3.580969e-002 
 2.467280e-010  9.494124e-001  2.467280e-010  5.738587e-001  2.467280e-010  3.314362e-002 
 2.468280e-010  9.409700e-001  2.468280e-010  5.879199e-001  2.468280e-010  3.050806e-002 
 2.469280e-010  9.317902e-001  2.469280e-010  6.016639e-001  2.469280e-010  2.790783e-002 
 2.470280e-010  9.218958e-001  2.470280e-010  6.150781e-001  2.470280e-010  2.533823e-002 
 2.471280e-010  9.113140e-001  2.471280e-010  6.281460e-001  2.471280e-010  2.280475e-002 
 2.472280e-010  9.000691e-001  2.472280e-010  6.408587e-001  2.472280e-010  2.030315e-002 
 2.473280e-010  8.881891e-001  2.473280e-010  6.532037e-001  2.473280e-010  1.783902e-002 
 2.474280e-010  8.756987e-001  2.474280e-010  6.651758e-001  2.474280e-010  1.540834e-002 
 2.475280e-010  8.626263e-001  2.475280e-010  6.767665e-001  2.475280e-010  1.301670e-002 
 2.476280e-010  8.489967e-001  2.476280e-010  6.879746e-001  2.476280e-010  1.066022e-002 
 2.477280e-010  8.348377e-001  2.477280e-010  6.987960e-001  2.477280e-010  8.344490e-003 
 2.478280e-010  8.201735e-001  2.478280e-010  7.092335e-001  2.478280e-010  6.065820e-003 
 2.479280e-010  8.050308e-001  2.479280e-010  7.192876e-001  2.479280e-010  3.829856e-003 
 2.480280e-010  7.894327e-001  2.480280e-010  7.289656e-001  2.480280e-010  1.633369e-003 
 2.481280e-010  7.733559e-001  2.481280e-010  7.382478e-001  2.481280e-010 -5.883929e-004 
 2.482280e-010  7.567268e-001  2.482280e-010  7.471012e-001  2.482280e-010 -2.968940e-003 
 2.483280e-010  7.397412e-001  2.483280e-010  7.556270e-001  2.483280e-010 -5.246909e-003 
 2.484280e-010  7.224227e-001  2.484280e-010  7.638354e-001  2.484280e-010 -7.431304e-003 
 2.485280e-010  7.048041e-001  2.485280e-010  7.717373e-001  2.485280e-010 -9.509374e-003 
 2.486280e-010  6.869260e-001  2.486280e-010  7.793488e-001  2.486280e-010 -1.148048e-002 
 2.487280e-010  6.688429e-001  2.487280e-010  7.866866e-001  2.487280e-010 -1.331998e-002 
 2.488280e-010  6.506156e-001  2.488280e-010  7.937716e-001  2.488280e-010 -1.501396e-002 
 2.489280e-010  6.323036e-001  2.489280e-010  8.006225e-001  2.489280e-010 -1.652325e-002 
 2.490280e-010  6.139464e-001  2.490280e-010  8.072566e-001  2.490280e-010 -1.782082e-002 
 2.491280e-010  5.955609e-001  2.491280e-010  8.136847e-001  2.491280e-010 -1.885883e-002 
 2.492280e-010  5.771430e-001  2.492280e-010  8.199152e-001  2.492280e-010 -1.960825e-002 
 2.493280e-010  5.586806e-001  2.493280e-010  8.259523e-001  2.493280e-010 -2.002466e-002 
 2.494280e-010  5.401551e-001  2.494280e-010  8.318009e-001  2.494280e-010 -2.008401e-002 
 2.495280e-010  5.215451e-001  2.495280e-010  8.374637e-001  2.495280e-010 -1.974416e-002 
 2.496280e-010  5.028215e-001  2.496280e-010  8.429454e-001  2.496280e-010 -1.897697e-002 
 2.497280e-010  4.839514e-001  2.497280e-010  8.482502e-001  2.497280e-010 -1.772891e-002 
 2.498280e-010  4.649089e-001  2.498280e-010  8.533872e-001  2.498280e-010 -1.595689e-002 
 2.499280e-010  4.456964e-001  2.499280e-010  8.583695e-001  2.499280e-010 -1.359823e-002 
 2.500280e-010  4.263658e-001  2.500280e-010  8.632183e-001  2.500280e-010 -1.061571e-002 
 2.501280e-010  4.070031e-001  2.501280e-010  8.679566e-001  2.501280e-010 -6.964280e-003 
 2.502280e-010  3.877083e-001  2.502280e-010  8.726087e-001  2.502280e-010 -2.624447e-003 
 2.503280e-010  3.685629e-001  2.503280e-010  8.771920e-001  2.503280e-010  2.435335e-003 
 2.504280e-010  3.496544e-001  2.504280e-010  8.817255e-001  2.504280e-010  8.227446e-003 
 2.505280e-010  3.310562e-001  2.505280e-010  8.862219e-001  2.505280e-010  1.477346e-002 
 2.506280e-010  3.128430e-001  2.506280e-010  8.906934e-001  2.506280e-010  2.207028e-002 
 2.507280e-010  2.950904e-001  2.507280e-010  8.951502e-001  2.507280e-010  3.012744e-002 
 2.508280e-010  2.778828e-001  2.508280e-010  8.996036e-001  2.508280e-010  3.893256e-002 
 2.509280e-010  2.612961e-001  2.509280e-010  9.040609e-001  2.509280e-010  4.848385e-002 
 2.510280e-010  2.454023e-001  2.510280e-010  9.085285e-001  2.510280e-010  5.875703e-002 
 2.511280e-010  2.302530e-001  2.511280e-010  9.130069e-001  2.511280e-010  6.973712e-002 
 2.512280e-010  2.158906e-001  2.512280e-010  9.174951e-001  2.512280e-010  8.138796e-002 
 2.513280e-010  2.023348e-001  2.513280e-010  9.219870e-001  2.513280e-010  9.368368e-002 
 2.514280e-010  1.895977e-001  2.514280e-010  9.264759e-001  2.514280e-010  1.065802e-001 
 2.515280e-010  1.776721e-001  2.515280e-010  9.309511e-001  2.515280e-010  1.200456e-001 
 2.516280e-010  1.665473e-001  2.516280e-010  9.354031e-001  2.516280e-010  1.340324e-001 
 2.517280e-010  1.561969e-001  2.517280e-010  9.398191e-001  2.517280e-010  1.485064e-001 
 2.518280e-010  1.465950e-001  2.518280e-010  9.441882e-001  2.518280e-010  1.634197e-001 
 2.519280e-010  1.377033e-001  2.519280e-010  9.484967e-001  2.519280e-010  1.787376e-001 
 2.520280e-010  1.294870e-001  2.520280e-010  9.527327e-001  2.520280e-010  1.944127e-001 
 2.521280e-010  1.219014e-001  2.521280e-010  9.568811e-001  2.521280e-010  2.104099e-001 
 2.522280e-010  1.149070e-001  2.522280e-010  9.609274e-001  2.522280e-010  2.266820e-001 
 2.523280e-010  1.084560e-001  2.523280e-010  9.648524e-001  2.523280e-010  2.431929e-001 
 2.524280e-010  1.025071e-001  2.524280e-010  9.686357e-001  2.524280e-010  2.598934e-001 
 2.525280e-010  9.701094e-002  2.525280e-010  9.722496e-001  2.525280e-010  2.767432e-001 
 2.526280e-010  9.192570e-002  2.526280e-010  9.756630e-001  2.526280e-010  2.936870e-001 
 2.527280e-010  8.720141e-002  2.527280e-010  9.788354e-001  2.527280e-010  3.106745e-001 
 2.528280e-010  8.279675e-002  2.528280e-010  9.817219e-001  2.528280e-010  3.276412e-001 
 2.529280e-010  7.866361e-002  2.529280e-010  9.842694e-001  2.529280e-010  3.445299e-001 
 2.530280e-010  7.476574e-002  2.530280e-010  9.864220e-001  2.530280e-010  3.612826e-001 
 2.531280e-010  7.106338e-002  2.531280e-010  9.881187e-001  2.531280e-010  3.778651e-001 
 2.532280e-010  6.753169e-002  2.532280e-010  9.892996e-001  2.532280e-010  3.942591e-001 
 2.533280e-010  6.414228e-002  2.533280e-010  9.899030e-001  2.533280e-010  4.104710e-001 
 2.534280e-010  6.087989e-002  2.534280e-010  9.898704e-001  2.534280e-010  4.265151e-001 
 2.535280e-010  5.772262e-002  2.535280e-010  9.891437e-001  2.535280e-010  4.424130e-001 
 2.536280e-010  5.465981e-002  2.536280e-010  9.876714e-001  2.536280e-010  4.581818e-001 
 2.537280e-010  5.167343e-002  2.537280e-010  9.854101e-001  2.537280e-010  4.738322e-001 
 2.538280e-010  4.875703e-002  2.538280e-010  9.823323e-001  2.538280e-010  4.893620e-001 
 2.539280e-010  4.589666e-002  2.539280e-010  9.784248e-001  2.539280e-010  5.047556e-001 
 2.540280e-010  4.308926e-002  2.540280e-010  9.736878e-001  2.540280e-010  5.199854e-001 
 2.541280e-010  4.032360e-002  2.541280e-010  9.681281e-001  2.541280e-010  5.350182e-001 
 2.542280e-010  3.759936e-002  2.542280e-010  9.617585e-001  2.542280e-010  5.498212e-001 
 2.543280e-010  3.490837e-002  2.543280e-010  9.545944e-001  2.543280e-010  5.643648e-001 
 2.544280e-010  3.225339e-002  2.544280e-010  9.466552e-001  2.544280e-010  5.786250e-001 
 2.545280e-010  2.962897e-002  2.545280e-010  9.379620e-001  2.545280e-010  5.925809e-001 
 2.546280e-010  2.703975e-002  2.546280e-010  9.285389e-001  2.546280e-010  6.062160e-001 
 2.547280e-010  2.448148e-002  2.547280e-010  9.184104e-001  2.547280e-010  6.195146e-001 
 2.548280e-010  2.195940e-002  2.548280e-010  9.076024e-001  2.548280e-010  6.324646e-001 
 2.549280e-010  1.946958e-002  2.549280e-010  8.961409e-001  2.549280e-010  6.450542e-001 
 2.550280e-010  1.701737e-002  2.550280e-010  8.840525e-001  2.550280e-010  6.572749e-001 
 2.551280e-010  1.459899e-002  2.551280e-010  8.713634e-001  2.551280e-010  6.691188e-001 
 2.552280e-010  1.221982e-002  2.552280e-010  8.581004e-001  2.552280e-010  6.805815e-001 
 2.553280e-010  9.876218e-003  2.553280e-010  8.442898e-001  2.553280e-010  6.916591e-001 
 2.554280e-010  7.573585e-003  2.554280e-010  8.299578e-001  2.554280e-010  7.023516e-001 
 2.555280e-010  5.308424e-003  2.555280e-010  8.151299e-001  2.555280e-010  7.126592e-001 
 2.556280e-010  3.086317e-003  2.556280e-010  7.998312e-001  2.556280e-010  7.225865e-001 
 2.557280e-010  9.042531e-004  2.557280e-010  7.840859e-001  2.557280e-010  7.321382e-001 
 2.558280e-010 -1.399377e-003  2.558280e-010  7.678018e-001  2.558280e-010  7.412650e-001 
 2.559280e-010 -3.745479e-003  2.559280e-010  7.510501e-001  2.559280e-010  7.500068e-001 
 2.560280e-010 -5.992047e-003  2.560280e-010  7.339494e-001  2.560280e-010  7.584250e-001 
 2.561280e-010 -8.141632e-003  2.561280e-010  7.165258e-001  2.561280e-010  7.665283e-001 
 2.562280e-010 -1.018502e-002  2.562280e-010  6.988146e-001  2.562280e-010  7.743310e-001 
 2.563280e-010 -1.211413e-002  2.563280e-010  6.808609e-001  2.563280e-010  7.818478e-001 
 2.564280e-010 -1.390757e-002  2.564280e-010  6.627222e-001  2.564280e-010  7.890986e-001 
 2.565280e-010 -1.554323e-002  2.565280e-010  6.444605e-001  2.565280e-010  7.961023e-001 
 2.566280e-010 -1.698552e-002  2.566280e-010  6.261299e-001  2.566280e-010  8.028790e-001 
 2.567280e-010 -1.820017e-002  2.567280e-010  6.077625e-001  2.567280e-010  8.094423e-001 
 2.568280e-010 -1.914522e-002  2.568280e-010  5.893670e-001  2.568280e-010  8.158036e-001 
 2.569280e-010 -1.978643e-002  2.569280e-010  5.709360e-001  2.569280e-010  8.219680e-001 
 2.570280e-010 -2.008634e-002  2.570280e-010  5.524544e-001  2.570280e-010  8.279417e-001 
 2.571280e-010 -2.001518e-002  2.571280e-010  5.339033e-001  2.571280e-010  8.337269e-001 
 2.572280e-010 -1.953602e-002  2.572280e-010  5.152585e-001  2.572280e-010  8.393288e-001 
 2.573280e-010 -1.861239e-002  2.573280e-010  4.964893e-001  2.573280e-010  8.447498e-001 
 2.574280e-010 -1.719415e-002  2.574280e-010  4.775632e-001  2.574280e-010  8.499975e-001 
 2.575280e-010 -1.523042e-002  2.575280e-010  4.584608e-001  2.575280e-010  8.550800e-001 
 2.576280e-010 -1.266657e-002  2.576280e-010  4.392008e-001  2.576280e-010  8.600153e-001 
 2.577280e-010 -9.462375e-003  2.577280e-010  4.198482e-001  2.577280e-010  8.648237e-001 
 2.578280e-010 -5.582398e-003  2.578280e-010  4.004980e-001  2.578280e-010  8.695311e-001 
 2.579280e-010 -1.002032e-003  2.579280e-010  3.812454e-001  2.579280e-010  8.741579e-001 
 2.580280e-010  4.301322e-003  2.580280e-010  3.621693e-001  2.580280e-010  8.787226e-001 
 2.581280e-010  1.034650e-002  2.581280e-010  3.433572e-001  2.581280e-010  8.832419e-001 
 2.582280e-010  1.714456e-002  2.582280e-010  3.248807e-001  2.582280e-010  8.877292e-001 
 2.583280e-010  2.469757e-002  2.583280e-010  3.068130e-001  2.583280e-010  8.921940e-001 
 2.584280e-010  3.300697e-002  2.584280e-010  2.892351e-001  2.584280e-010  8.966491e-001 
 2.585280e-010  4.206481e-002  2.585280e-010  2.722277e-001  2.585280e-010  9.011025e-001 
 2.586280e-010  5.186098e-002  2.586280e-010  2.558675e-001  2.586280e-010  9.055633e-001 
 2.587280e-010  6.237509e-002  2.587280e-010  2.402184e-001  2.587280e-010  9.100340e-001 
 2.588280e-010  7.358415e-002  2.588280e-010  2.253308e-001  2.588280e-010  9.145167e-001 
 2.589280e-010  8.545613e-002  2.589280e-010  2.112376e-001  2.589280e-010  9.190064e-001 
 2.590280e-010  9.795808e-002  2.590280e-010  1.979574e-001  2.590280e-010  9.234987e-001 
 2.591280e-010  1.110507e-001  2.591280e-010  1.854940e-001  2.591280e-010  9.279836e-001 
 2.592280e-010  1.246959e-001  2.592280e-010  1.738403e-001  2.592280e-010  9.324528e-001 
 2.593280e-010  1.388515e-001  2.593280e-010  1.629786e-001  2.593280e-010  9.368935e-001 
 2.594280e-010  1.534777e-001  2.594280e-010  1.528841e-001  2.594280e-010  9.412956e-001 
 2.595280e-010  1.685320e-001  2.595280e-010  1.435249e-001  2.595280e-010  9.456452e-001 
 2.596280e-010  1.839744e-001  2.596280e-010  1.348653e-001  2.596280e-010  9.499313e-001 
 2.597280e-010  1.997627e-001  2.597280e-010  1.268656e-001  2.597280e-010  9.541389e-001 
 2.598280e-010  2.158568e-001  2.598280e-010  1.194842e-001  2.598280e-010  9.582553e-001 
 2.599280e-010  2.322143e-001  2.599280e-010  1.126773e-001  2.599280e-010  9.622624e-001 
 2.600280e-010  2.487937e-001  2.600280e-010  1.064006e-001  2.600280e-010  9.661429e-001 
 2.601280e-010  2.655500e-001  2.601280e-010  1.006089e-001  2.601280e-010  9.698719e-001 
 2.602280e-010  2.824369e-001  2.602280e-010  9.525644e-002  2.602280e-010  9.734228e-001 
 2.603280e-010  2.994022e-001  2.603280e-010  9.029746e-002  2.603280e-010  9.767593e-001 
 2.604280e-010  3.163893e-001  2.604280e-010  8.568607e-002  2.604280e-010  9.798415e-001 
 2.605280e-010  3.333367e-001  2.605280e-010  8.137726e-002  2.605280e-010  9.826195e-001 
 2.606280e-010  3.501847e-001  2.606280e-010  7.732788e-002  2.606280e-010  9.850411e-001 
 2.607280e-010  3.668837e-001  2.607280e-010  7.349919e-002  2.607280e-010  9.870465e-001 
 2.608280e-010  3.834029e-001  2.608280e-010  6.985749e-002  2.608280e-010  9.885771e-001 
 2.609280e-010  3.997349e-001  2.609280e-010  6.637587e-002  2.609280e-010  9.895698e-001 
 2.610280e-010  4.158876e-001  2.610280e-010  6.303151e-002  2.610280e-010  9.899663e-001 
 2.611280e-010  4.318809e-001  2.611280e-010  5.980609e-002  2.611280e-010  9.897057e-001 
 2.612280e-010  4.477330e-001  2.612280e-010  5.668244e-002  2.612280e-010  9.887341e-001 
 2.613280e-010  4.634619e-001  2.613280e-010  5.364652e-002  2.613280e-010  9.869998e-001 
 2.614280e-010  4.790720e-001  2.614280e-010  5.068504e-002  2.614280e-010  9.844667e-001 
 2.615280e-010  4.945590e-001  2.615280e-010  4.778825e-002  2.615280e-010  9.811098e-001 
 2.616280e-010  5.099004e-001  2.616280e-010  4.494669e-002  2.616280e-010  9.769233e-001 
 2.617280e-010  5.250683e-001  2.617280e-010  4.215382e-002  2.617280e-010  9.719078e-001 
 2.618280e-010  5.400267e-001  2.618280e-010  3.940275e-002  2.618280e-010  9.660745e-001 
 2.619280e-010  5.547460e-001  2.619280e-010  3.668984e-002  2.619280e-010  9.594351e-001 
 2.620280e-010  5.691962e-001  2.620280e-010  3.401128e-002  2.620280e-010  9.520084e-001 
 2.621280e-010  5.833567e-001  2.621280e-010  3.136647e-002  2.621280e-010  9.438124e-001 
 2.622280e-010  5.972059e-001  2.622280e-010  2.875401e-002  2.622280e-010  9.348714e-001 
 2.623280e-010  6.107298e-001  2.623280e-010  2.617502e-002  2.623280e-010  9.252075e-001 
 2.624280e-010  6.239119e-001  2.624280e-010  2.362898e-002  2.624280e-010  9.148480e-001 
 2.625280e-010  6.367423e-001  2.625280e-010  2.111756e-002  2.625280e-010  9.038167e-001 
 2.626280e-010  6.492081e-001  2.626280e-010  1.864042e-002  2.626280e-010  8.921418e-001 
 2.627280e-010  6.613033e-001  2.627280e-010  1.619940e-002  2.627280e-010  8.798477e-001 
 2.628280e-010  6.730188e-001  2.628280e-010  1.379422e-002  2.628280e-010  8.669630e-001 
 2.629280e-010  6.843527e-001  2.629280e-010  1.142683e-002  2.629280e-010  8.535123e-001 
 2.630280e-010  6.953002e-001  2.630280e-010  9.096991e-003  2.630280e-010  8.395239e-001 
 2.631280e-010  7.058634e-001  2.631280e-010  6.806778e-003  2.631280e-010  8.250217e-001 
 2.632280e-010  7.160420e-001  2.632280e-010  4.556037e-003  2.632280e-010  8.100331e-001 
 2.633280e-010  7.258427e-001  2.633280e-010  2.347166e-003  2.633280e-010  7.945808e-001 
 2.634280e-010  7.352694e-001  2.634280e-010  1.805148e-004  2.634280e-010  7.786912e-001 
 2.635280e-010  7.442420e-001  2.635280e-010 -2.203614e-003  2.635280e-010  7.622029e-001 
 2.636280e-010  7.528740e-001  2.636280e-010 -4.514244e-003  2.636280e-010  7.453317e-001 
 2.637280e-010  7.611853e-001  2.637280e-010 -6.729705e-003  2.637280e-010  7.281190e-001 
 2.638280e-010  7.691858e-001  2.638280e-010 -8.842604e-003  2.638280e-010  7.105947e-001 
 2.639280e-010  7.768907e-001  2.639280e-010 -1.085051e-002  2.639280e-010  6.927961e-001 
 2.640280e-010  7.843157e-001  2.640280e-010 -1.273446e-002  2.640280e-010  6.747737e-001 
 2.641280e-010  7.914815e-001  2.641280e-010 -1.447952e-002  2.641280e-010  6.565866e-001 
 2.642280e-010  7.984067e-001  2.642280e-010 -1.605216e-002  2.642280e-010  6.382969e-001 
 2.643280e-010  8.051105e-001  2.643280e-010 -1.742378e-002  2.643280e-010  6.199514e-001 
 2.644280e-010  8.116047e-001  2.644280e-010 -1.855015e-002  2.644280e-010  6.015750e-001 
 2.645280e-010  8.178994e-001  2.645280e-010 -1.939863e-002  2.645280e-010  5.831687e-001 
 2.646280e-010  8.239991e-001  2.646280e-010 -1.992684e-002  2.646280e-010  5.647228e-001 
 2.647280e-010  8.299092e-001  2.647280e-010 -2.010722e-002  2.647280e-010  5.462200e-001 
 2.648280e-010  8.356322e-001  2.648280e-010 -1.990088e-002  2.648280e-010  5.276405e-001 
 2.649280e-010  8.411729e-001  2.649280e-010 -1.927866e-002  2.649280e-010  5.089576e-001 
 2.650280e-010  8.465346e-001  2.650280e-010 -1.819241e-002  2.650280e-010  4.901390e-001 
 2.651280e-010  8.517256e-001  2.651280e-010 -1.659852e-002  2.651280e-010  4.711546e-001 
 2.652280e-010  8.567562e-001  2.652280e-010 -1.443637e-002  2.652280e-010  4.519943e-001 
 2.653280e-010  8.616464e-001  2.653280e-010 -1.166316e-002  2.653280e-010  4.326944e-001 
 2.654280e-010  8.664178e-001  2.654280e-010 -8.232885e-003  2.654280e-010  4.133307e-001 
 2.655280e-010  8.710961e-001  2.655280e-010 -4.121948e-003  2.655280e-010  3.940041e-001 
 2.656280e-010  8.757004e-001  2.656280e-010  7.021982e-004  2.656280e-010  3.748032e-001 
 2.657280e-010  8.802487e-001  2.657280e-010  6.251968e-003  2.657280e-010  3.558092e-001 
 2.658280e-010  8.847555e-001  2.658280e-010  1.255148e-002  2.658280e-010  3.371010e-001 
 2.659280e-010  8.892343e-001  2.659280e-010  1.960132e-002  2.659280e-010  3.187543e-001 
 2.660280e-010  8.936942e-001  2.660280e-010  2.741085e-002  2.660280e-010  3.008411e-001 
 2.661280e-010  8.981480e-001  2.661280e-010  3.597112e-002  2.661280e-010  2.834471e-001 
 2.662280e-010  9.026027e-001  2.662280e-010  4.528069e-002  2.662280e-010  2.666482e-001 
 2.663280e-010  9.070670e-001  2.663280e-010  5.531899e-002  2.663280e-010  2.505218e-001 
 2.664280e-010  9.115414e-001  2.664280e-010  6.607158e-002  2.664280e-010  2.351230e-001 
 2.665280e-010  9.160272e-001  2.665280e-010  7.750558e-002  2.665280e-010  2.205008e-001 
 2.666280e-010  9.205182e-001  2.666280e-010  8.959509e-002  2.666280e-010  2.066785e-001 
 2.667280e-010  9.250094e-001  2.667280e-010  1.022985e-001  2.667280e-010  1.936744e-001 
 2.668280e-010  9.294897e-001  2.668280e-010  1.155830e-001  2.668280e-010  1.814835e-001 
 2.669280e-010  9.339510e-001  2.669280e-010  1.294029e-001  2.669280e-010  1.700998e-001 
 2.670280e-010  9.383796e-001  2.670280e-010  1.437229e-001  2.670280e-010  1.594982e-001 
 2.671280e-010  9.427658e-001  2.671280e-010  1.584962e-001  2.671280e-010  1.496559e-001 
 2.672280e-010  9.470950e-001  2.672280e-010  1.736870e-001  2.672280e-010  1.405351e-001 
 2.673280e-010  9.513567e-001  2.673280e-010  1.892490e-001  2.673280e-010  1.321032e-001 
 2.674280e-010  9.555348e-001  2.674280e-010  2.051461e-001  2.674280e-010  1.243150e-001 
 2.675280e-010  9.596168e-001  2.675280e-010  2.213322e-001  2.675280e-010  1.171330e-001 
 2.676280e-010  9.635832e-001  2.676280e-010  2.377704e-001  2.676280e-010  1.105082e-001 
 2.677280e-010  9.674159e-001  2.677280e-010  2.544130e-001  2.677280e-010  1.044010e-001 
 2.678280e-010  9.710880e-001  2.678280e-010  2.712200e-001  2.678280e-010  9.876088e-002 
 2.679280e-010  9.745714e-001  2.679280e-010  2.881381e-001  2.679280e-010  9.354721e-002 
 2.680280e-010  9.778269e-001  2.680280e-010  3.051185e-001  2.680280e-010  8.870898e-002 
 2.681280e-010  9.808129e-001  2.681280e-010  3.220980e-001  2.681280e-010  8.420562e-002 
 2.682280e-010  9.834768e-001  2.682280e-010  3.390194e-001  2.682280e-010  7.998743e-002 
 2.683280e-010  9.857655e-001  2.683280e-010  3.558210e-001  2.683280e-010  7.601768e-002 
 2.684280e-010  9.876175e-001  2.684280e-010  3.724627e-001  2.684280e-010  7.225400e-002 
 2.685280e-010  9.889743e-001  2.685280e-010  3.889179e-001  2.685280e-010  6.867023e-002 
 2.686280e-010  9.897727e-001  2.686280e-010  4.051888e-001  2.686280e-010  6.523576e-002 
 2.687280e-010  9.899550e-001  2.687280e-010  4.212849e-001  2.687280e-010  6.193469e-002 
 2.688280e-010  9.894608e-001  2.688280e-010  4.372291e-001  2.688280e-010  5.874395e-002 
 2.689280e-010  9.882381e-001  2.689280e-010  4.530377e-001  2.689280e-010  5.565266e-002 
 2.690280e-010  9.862382e-001  2.690280e-010  4.687271e-001  2.690280e-010  5.264177e-002 
 2.691280e-010  9.834301e-001  2.691280e-010  4.842967e-001  2.691280e-010  4.970442e-002 
 2.692280e-010  9.797939e-001  2.692280e-010  4.997382e-001  2.692280e-010  4.682581e-002 
 2.693280e-010  9.753282e-001  2.693280e-010  5.150243e-001  2.693280e-010  4.400269e-002 
 2.694280e-010  9.700359e-001  2.694280e-010  5.301260e-001  2.694280e-010  4.122319e-002 
 2.695280e-010  9.639302e-001  2.695280e-010  5.450069e-001  2.695280e-010  3.848667e-002 
 2.696280e-010  9.570234e-001  2.696280e-010  5.596389e-001  2.696280e-010  3.578428e-002 
 2.697280e-010  9.493359e-001  2.697280e-010  5.739936e-001  2.697280e-010  3.311845e-002 
 2.698280e-010  9.408863e-001  2.698280e-010  5.880517e-001  2.698280e-010  3.048327e-002 
 2.699280e-010  9.316997e-001  2.699280e-010  6.017928e-001  2.699280e-010  2.788329e-002 
 2.700280e-010  9.217986e-001  2.700280e-010  6.152036e-001  2.700280e-010  2.531407e-002 
 2.701280e-010  9.112105e-001  2.701280e-010  6.282683e-001  2.701280e-010  2.278084e-002 
 2.702280e-010  8.999593e-001  2.702280e-010  6.409774e-001  2.702280e-010  2.027964e-002 
 2.703280e-010  8.880735e-001  2.703280e-010  6.533191e-001  2.703280e-010  1.781578e-002 
 2.704280e-010  8.755774e-001  2.704280e-010  6.652875e-001  2.704280e-010  1.538551e-002 
 2.705280e-010  8.624997e-001  2.705280e-010  6.768747e-001  2.705280e-010  1.299415e-002 
 2.706280e-010  8.488648e-001  2.706280e-010  6.880790e-001  2.706280e-010  1.063811e-002 
 2.707280e-010  8.347010e-001  2.707280e-010  6.988968e-001  2.707280e-010  8.322673e-003 
 2.708280e-010  8.200320e-001  2.708280e-010  7.093306e-001  2.708280e-010  6.044449e-003 
 2.709280e-010  8.048850e-001  2.709280e-010  7.193812e-001  2.709280e-010  3.808806e-003 
 2.710280e-010  7.892826e-001  2.710280e-010  7.290555e-001  2.710280e-010  1.612791e-003 
 2.711280e-010  7.732001e-001  2.711280e-010  7.383334e-001  2.711280e-010 -6.113793e-004 
 2.712280e-010  7.565674e-001  2.712280e-010  7.471836e-001  2.712280e-010 -2.990880e-003 
 2.713280e-010  7.395786e-001  2.713280e-010  7.557064e-001  2.713280e-010 -5.268048e-003 
 2.714280e-010  7.222570e-001  2.714280e-010  7.639117e-001  2.714280e-010 -7.451398e-003 
 2.715280e-010  7.046358e-001  2.715280e-010  7.718109e-001  2.715280e-010 -9.528588e-003 
 2.716280e-010  6.867553e-001  2.716280e-010  7.794196e-001  2.716280e-010 -1.149847e-002 
 2.717280e-010  6.686708e-001  2.717280e-010  7.867550e-001  2.717280e-010 -1.333679e-002 
 2.718280e-010  6.504423e-001  2.718280e-010  7.938376e-001  2.718280e-010 -1.502909e-002 
 2.719280e-010  6.321298e-001  2.719280e-010  8.006865e-001  2.719280e-010 -1.653663e-002 
 2.720280e-010  6.137721e-001  2.720280e-010  8.073185e-001  2.720280e-010 -1.783185e-002 
 2.721280e-010  5.953865e-001  2.721280e-010  8.137448e-001  2.721280e-010 -1.886738e-002 
 2.722280e-010  5.769681e-001  2.722280e-010  8.199732e-001  2.722280e-010 -1.961373e-002 
 2.723280e-010  5.585053e-001  2.723280e-010  8.260087e-001  2.723280e-010 -2.002699e-002 
 2.724280e-010  5.399791e-001  2.724280e-010  8.318554e-001  2.724280e-010 -2.008264e-002 
 2.725280e-010  5.213682e-001  2.725280e-010  8.375166e-001  2.725280e-010 -1.973899e-002 
 2.726280e-010  5.026433e-001  2.726280e-010  8.429965e-001  2.726280e-010 -1.896740e-002 
 2.727280e-010  4.837718e-001  2.727280e-010  8.482998e-001  2.727280e-010 -1.771470e-002 
 2.728280e-010  4.647274e-001  2.728280e-010  8.534351e-001  2.728280e-010 -1.593728e-002 
 2.729280e-010  4.455136e-001  2.729280e-010  8.584161e-001  2.729280e-010 -1.357299e-002 
 2.730280e-010  4.261821e-001  2.730280e-010  8.632637e-001  2.730280e-010 -1.058419e-002 
 2.731280e-010  4.068197e-001  2.731280e-010  8.680012e-001  2.731280e-010 -6.926450e-003 
 2.732280e-010  3.875259e-001  2.732280e-010  8.726524e-001  2.732280e-010 -2.579797e-003 
 2.733280e-010  3.683824e-001  2.733280e-010  8.772352e-001  2.733280e-010  2.486734e-003 
 2.734280e-010  3.494764e-001  2.734280e-010  8.817682e-001  2.734280e-010  8.286044e-003 
 2.735280e-010  3.308817e-001  2.735280e-010  8.862644e-001  2.735280e-010  1.483907e-002 
 2.736280e-010  3.126723e-001  2.736280e-010  8.907357e-001  2.736280e-010  2.214319e-002 
 2.737280e-010  2.949246e-001  2.737280e-010  8.951925e-001  2.737280e-010  3.020738e-002 
 2.738280e-010  2.777225e-001  2.738280e-010  8.996458e-001  2.738280e-010  3.901973e-002 
 2.739280e-010  2.611421e-001  2.739280e-010  9.041032e-001  2.739280e-010  4.857786e-002 
 2.740280e-010  2.452550e-001  2.740280e-010  9.085708e-001  2.740280e-010  5.885795e-002 
 2.741280e-010  2.301132e-001  2.741280e-010  9.130494e-001  2.741280e-010  6.984445e-002 
 2.742280e-010  2.157582e-001  2.742280e-010  9.175377e-001  2.742280e-010  8.150166e-002 
 2.743280e-010  2.022102e-001  2.743280e-010  9.220297e-001  2.743280e-010  9.380315e-002 
 2.744280e-010  1.894807e-001  2.744280e-010  9.265184e-001  2.744280e-010  1.067054e-001 
 2.745280e-010  1.775629e-001  2.745280e-010  9.309935e-001  2.745280e-010  1.201758e-001 
 2.746280e-010  1.664455e-001  2.746280e-010  9.354451e-001  2.746280e-010  1.341675e-001 
 2.747280e-010  1.561025e-001  2.747280e-010  9.398608e-001  2.747280e-010  1.486458e-001 
 2.748280e-010  1.465074e-001  2.748280e-010  9.442293e-001  2.748280e-010  1.635632e-001 
 2.749280e-010  1.376223e-001  2.749280e-010  9.485373e-001  2.749280e-010  1.788846e-001 
 2.750280e-010  1.294122e-001  2.750280e-010  9.527724e-001  2.750280e-010  1.945630e-001 
 2.751280e-010  1.218324e-001  2.751280e-010  9.569200e-001  2.751280e-010  2.105629e-001 
 2.752280e-010  1.148433e-001  2.752280e-010  9.609652e-001  2.752280e-010  2.268376e-001 
 2.753280e-010  1.083973e-001  2.753280e-010  9.648890e-001  2.753280e-010  2.433503e-001 
 2.754280e-010  1.024529e-001  2.754280e-010  9.686707e-001  2.754280e-010  2.600527e-001 
 2.755280e-010  9.696091e-002  2.755280e-010  9.722831e-001  2.755280e-010  2.769034e-001 
 2.756280e-010  9.187923e-002  2.756280e-010  9.756942e-001  2.756280e-010  2.938480e-001 
 2.757280e-010  8.715826e-002  2.757280e-010  9.788642e-001  2.757280e-010  3.108355e-001 
 2.758280e-010  8.275630e-002  2.758280e-010  9.817477e-001  2.758280e-010  3.278019e-001 
 2.759280e-010  7.862565e-002  2.759280e-010  9.842918e-001  2.759280e-010  3.446894e-001 
 2.760280e-010  7.472971e-002  2.760280e-010  9.864402e-001  2.760280e-010  3.614408e-001 
 2.761280e-010  7.102918e-002  2.761280e-010  9.881325e-001  2.761280e-010  3.780213e-001 
 2.762280e-010  6.749886e-002  2.762280e-010  9.893081e-001  2.762280e-010  3.944138e-001 
 2.763280e-010  6.411083e-002  2.763280e-010  9.899059e-001  2.763280e-010  4.106238e-001 
 2.764280e-010  6.084944e-002  2.764280e-010  9.898668e-001  2.764280e-010  4.266667e-001 
 2.765280e-010  5.769320e-002  2.765280e-010  9.891333e-001  2.765280e-010  4.425630e-001 
 2.766280e-010  5.463111e-002  2.766280e-010  9.876536e-001  2.766280e-010  4.583308e-001 
 2.767280e-010  5.164551e-002  2.767280e-010  9.853848e-001  2.767280e-010  4.739799e-001 
 2.768280e-010  4.872962e-002  2.768280e-010  9.822991e-001  2.768280e-010  4.895088e-001 
 2.769280e-010  4.586984e-002  2.769280e-010  9.783838e-001  2.769280e-010  5.049007e-001 
 2.770280e-010  4.306281e-002  2.770280e-010  9.736388e-001  2.770280e-010  5.201291e-001 
 2.771280e-010  4.029763e-002  2.771280e-010  9.680715e-001  2.771280e-010  5.351596e-001 
 2.772280e-010  3.757365e-002  2.772280e-010  9.616942e-001  2.772280e-010  5.499604e-001 
 2.773280e-010  3.488307e-002  2.773280e-010  9.545228e-001  2.773280e-010  5.645013e-001 
 2.774280e-010  3.222832e-002  2.774280e-010  9.465762e-001  2.774280e-010  5.787589e-001 
 2.775280e-010  2.960429e-002  2.775280e-010  9.378761e-001  2.775280e-010  5.927117e-001 
 2.776280e-010  2.701530e-002  2.776280e-010  9.284460e-001  2.776280e-010  6.063438e-001 
 2.777280e-010  2.445743e-002  2.777280e-010  9.183111e-001  2.777280e-010  6.196390e-001 
 2.778280e-010  2.193560e-002  2.778280e-010  9.074967e-001  2.778280e-010  6.325858e-001 
 2.779280e-010  1.944619e-002  2.779280e-010  8.960293e-001  2.779280e-010  6.451717e-001 
 2.780280e-010  1.699424e-002  2.780280e-010  8.839349e-001  2.780280e-010  6.573891e-001 
 2.781280e-010  1.457628e-002  2.781280e-010  8.712403e-001  2.781280e-010  6.692292e-001 
 2.782280e-010  1.219739e-002  2.782280e-010  8.579719e-001  2.782280e-010  6.806885e-001 
 2.783280e-010  9.854228e-003  2.783280e-010  8.441564e-001  2.783280e-010  6.917622e-001 
 2.784280e-010  7.551887e-003  2.784280e-010  8.298194e-001  2.784280e-010  7.024512e-001 
 2.785280e-010  5.287187e-003  2.785280e-010  8.149871e-001  2.785280e-010  7.127550e-001 
 2.786280e-010  3.065394e-003  2.786280e-010  7.996839e-001  2.786280e-010  7.226790e-001 
 2.787280e-010  8.838175e-004  2.787280e-010  7.839346e-001  2.787280e-010  7.322269e-001 
 2.788280e-010 -1.422172e-003  2.788280e-010  7.676446e-001  2.788280e-010  7.413496e-001 
 2.789280e-010 -3.767213e-003  2.789280e-010  7.508896e-001  2.789280e-010  7.500881e-001 
 2.790280e-010 -6.012975e-003  2.790280e-010  7.337855e-001  2.790280e-010  7.585034e-001 
 2.791280e-010 -8.161478e-003  2.791280e-010  7.163592e-001  2.791280e-010  7.666035e-001 
 2.792280e-010 -1.020396e-002  2.792280e-010  6.986453e-001  2.792280e-010  7.744037e-001 
 2.793280e-010 -1.213176e-002  2.793280e-010  6.806897e-001  2.793280e-010  7.819176e-001 
 2.794280e-010 -1.392394e-002  2.794280e-010  6.625495e-001  2.794280e-010  7.891662e-001 
 2.795280e-010 -1.555782e-002  2.795280e-010  6.442870e-001  2.795280e-010  7.961675e-001 
 2.796280e-010 -1.699824e-002  2.796280e-010  6.259558e-001  2.796280e-010  8.029423e-001 
 2.797280e-010 -1.821041e-002  2.797280e-010  6.075882e-001  2.797280e-010  8.095034e-001 
 2.798280e-010 -1.915286e-002  2.798280e-010  5.891924e-001  2.798280e-010  8.158630e-001 
 2.799280e-010 -1.979087e-002  2.799280e-010  5.707610e-001  2.799280e-010  8.220255e-001 
 2.800280e-010 -2.008753e-002  2.800280e-010  5.522788e-001  2.800280e-010  8.279975e-001 
 2.801280e-010 -2.001255e-002  2.801280e-010  5.337270e-001  2.801280e-010  8.337808e-001 
 2.802280e-010 -1.952948e-002  2.802280e-010  5.150811e-001  2.802280e-010  8.393811e-001 
 2.803280e-010 -1.860128e-002  2.803280e-010  4.963107e-001  2.803280e-010  8.448003e-001 
 2.804280e-010 -1.717824e-002  2.804280e-010  4.773829e-001  2.804280e-010  8.500465e-001 
 2.805280e-010 -1.520894e-002  2.805280e-010  4.582789e-001  2.805280e-010  8.551274e-001 
 2.806280e-010 -1.263932e-002  2.806280e-010  4.390175e-001  2.806280e-010  8.600616e-001 
 2.807280e-010 -9.428741e-003  2.807280e-010  4.196646e-001  2.807280e-010  8.648687e-001 
 2.808280e-010 -5.542357e-003  2.808280e-010  4.003148e-001  2.808280e-010  8.695754e-001 
 2.809280e-010 -9.550953e-004  2.809280e-010  3.810636e-001  2.809280e-010  8.742013e-001 
 2.810280e-010  4.355078e-003  2.810280e-010  3.619895e-001  2.810280e-010  8.787657e-001 
 2.811280e-010  1.040748e-002  2.811280e-010  3.431804e-001  2.811280e-010  8.832845e-001 
 2.812280e-010  1.721257e-002  2.812280e-010  3.247072e-001  2.812280e-010  8.877717e-001 
 2.813280e-010  2.477288e-002  2.813280e-010  3.066439e-001  2.813280e-010  8.922362e-001 
 2.814280e-010  3.308930e-002  2.814280e-010  2.890710e-001  2.814280e-010  8.966914e-001 
 2.815280e-010  4.215432e-002  2.815280e-010  2.720694e-001  2.815280e-010  9.011446e-001 
 2.816280e-010  5.195728e-002  2.816280e-010  2.557156e-001  2.816280e-010  9.056058e-001 
 2.817280e-010  6.247823e-002  2.817280e-010  2.400736e-001  2.817280e-010  9.100764e-001 
 2.818280e-010  7.369361e-002  2.818280e-010  2.251934e-001  2.818280e-010  9.145593e-001 
 2.819280e-010  8.557184e-002  2.819280e-010  2.111079e-001  2.819280e-010  9.190489e-001 
 2.820280e-010  9.807946e-002  2.820280e-010  1.978353e-001  2.820280e-010  9.235414e-001 
 2.821280e-010  1.111776e-001  2.821280e-010  1.853797e-001  2.821280e-010  9.280260e-001 
 2.822280e-010  1.248277e-001  2.822280e-010  1.737336e-001  2.822280e-010  9.324951e-001 
 2.823280e-010  1.389881e-001  2.823280e-010  1.628794e-001  2.823280e-010  9.369353e-001 
 2.824280e-010  1.536184e-001  2.824280e-010  1.527919e-001  2.824280e-010  9.413371e-001 
 2.825280e-010  1.686767e-001  2.825280e-010  1.434396e-001  2.825280e-010  9.456861e-001 
 2.826280e-010  1.841225e-001  2.826280e-010  1.347864e-001  2.826280e-010  9.499717e-001 
 2.827280e-010  1.999140e-001  2.827280e-010  1.267928e-001  2.827280e-010  9.541784e-001 
 2.828280e-010  2.160107e-001  2.828280e-010  1.194169e-001  2.828280e-010  9.582939e-001 
 2.829280e-010  2.323706e-001  2.829280e-010  1.126154e-001  2.829280e-010  9.622998e-001 
 2.830280e-010  2.489518e-001  2.830280e-010  1.063434e-001  2.830280e-010  9.661791e-001 
 2.831280e-010  2.657097e-001  2.831280e-010  1.005562e-001  2.831280e-010  9.699064e-001 
 2.832280e-010  2.825975e-001  2.832280e-010  9.520759e-002  2.832280e-010  9.734556e-001 
 2.833280e-010  2.995633e-001  2.833280e-010  9.025222e-002  2.833280e-010  9.767897e-001 
 2.834280e-010  3.165502e-001  2.834280e-010  8.564381e-002  2.834280e-010  9.798694e-001 
 2.835280e-010  3.334971e-001  2.835280e-010  8.133776e-002  2.835280e-010  9.826441e-001 
 2.836280e-010  3.503438e-001  2.836280e-010  7.729055e-002  2.836280e-010  9.850623e-001 
 2.837280e-010  3.670413e-001  2.837280e-010  7.346387e-002  2.837280e-010  9.870633e-001 
 2.838280e-010  3.835586e-001  2.838280e-010  6.982371e-002  2.838280e-010  9.885892e-001 
 2.839280e-010  3.998890e-001  2.839280e-010  6.634359e-002  2.839280e-010  9.895764e-001 
 2.840280e-010  4.160400e-001  2.840280e-010  6.300034e-002  2.840280e-010  9.899670e-001 
 2.841280e-010  4.320319e-001  2.841280e-010  5.977606e-002  2.841280e-010  9.896998e-001 
 2.842280e-010  4.478827e-001  2.842280e-010  5.665321e-002  2.842280e-010  9.887214e-001 
 2.843280e-010  4.636105e-001  2.843280e-010  5.361816e-002  2.843280e-010  9.869795e-001 
 2.844280e-010  4.792195e-001  2.844280e-010  5.065723e-002  2.844280e-010  9.844388e-001 
 2.845280e-010  4.947053e-001  2.845280e-010  4.776110e-002  2.845280e-010  9.810740e-001 
 2.846280e-010  5.100451e-001  2.846280e-010  4.491994e-002  2.846280e-010  9.768797e-001 
 2.847280e-010  5.252112e-001  2.847280e-010  4.212759e-002  2.847280e-010  9.718562e-001 
 2.848280e-010  5.401674e-001  2.848280e-010  3.937681e-002  2.848280e-010  9.660154e-001 
 2.849280e-010  5.548844e-001  2.849280e-010  3.666433e-002  2.849280e-010  9.593683e-001 
 2.850280e-010  5.693318e-001  2.850280e-010  3.398599e-002  2.850280e-010  9.519344e-001 
 2.851280e-010  5.834895e-001  2.851280e-010  3.134159e-002  2.851280e-010  9.437310e-001 
 2.852280e-010  5.973356e-001  2.852280e-010  2.872935e-002  2.852280e-010  9.347832e-001 
 2.853280e-010  6.108565e-001  2.853280e-010  2.615076e-002  2.853280e-010  9.251124e-001 
 2.854280e-010  6.240352e-001  2.854280e-010  2.360496e-002  2.854280e-010  9.147466e-001 
 2.855280e-010  6.368623e-001  2.855280e-010  2.109395e-002  2.855280e-010  9.037089e-001 
 2.856280e-010  6.493245e-001  2.856280e-010  1.861706e-002  2.856280e-010  8.920281e-001 
 2.857280e-010  6.614162e-001  2.857280e-010  1.617646e-002  2.857280e-010  8.797282e-001 
 2.858280e-010  6.731281e-001  2.858280e-010  1.377154e-002  2.858280e-010  8.668382e-001 
 2.859280e-010  6.844584e-001  2.859280e-010  1.140460e-002  2.859280e-010  8.533821e-001 
 2.860280e-010  6.954021e-001  2.860280e-010  9.075040e-003  2.860280e-010  8.393888e-001 
 2.861280e-010  7.059618e-001  2.861280e-010  6.785292e-003  2.861280e-010  8.248817e-001 
 2.862280e-010  7.161367e-001  2.862280e-010  4.534846e-003  2.862280e-010  8.098887e-001 
 2.863280e-010  7.259339e-001  2.863280e-010  2.326463e-003  2.863280e-010  7.944321e-001 
 2.864280e-010  7.353570e-001  2.864280e-010  1.601380e-004  2.864280e-010  7.785386e-001 
 2.865280e-010  7.443254e-001  2.865280e-010 -2.226107e-003  2.865280e-010  7.620445e-001 
 2.866280e-010  7.529542e-001  2.866280e-010 -4.535861e-003  2.866280e-010  7.451700e-001 
 2.867280e-010  7.612626e-001  2.867280e-010 -6.750311e-003  2.867280e-010  7.279541e-001 
 2.868280e-010  7.692601e-001  2.868280e-010 -8.862284e-003  2.868280e-010  7.104271e-001 
 2.869280e-010  7.769624e-001  2.869280e-010 -1.086904e-002  2.869280e-010  6.926260e-001 
 2.870280e-010  7.843848e-001  2.870280e-010 -1.275181e-002  2.870280e-010  6.746019e-001 
 2.871280e-010  7.915482e-001  2.871280e-010 -1.449533e-002  2.871280e-010  6.564134e-001 
 2.872280e-010  7.984713e-001  2.872280e-010 -1.606626e-002  2.872280e-010  6.381232e-001 
 2.873280e-010  8.051730e-001  2.873280e-010 -1.743570e-002  2.873280e-010  6.197772e-001 
 2.874280e-010  8.116653e-001  2.874280e-010 -1.855963e-002  2.874280e-010  6.014006e-001 
 2.875280e-010  8.179582e-001  2.875280e-010 -1.940521e-002  2.875280e-010  5.829939e-001 
 2.876280e-010  8.240560e-001  2.876280e-010 -1.993030e-002  2.876280e-010  5.645476e-001 
 2.877280e-010  8.299644e-001  2.877280e-010 -2.010714e-002  2.877280e-010  5.460442e-001 
 2.878280e-010  8.356855e-001  2.878280e-010 -1.989705e-002  2.878280e-010  5.274639e-001 
 2.879280e-010  8.412246e-001  2.879280e-010 -1.927061e-002  2.879280e-010  5.087798e-001 
 2.880280e-010  8.465846e-001  2.880280e-010 -1.817982e-002  2.880280e-010  4.899598e-001 
 2.881280e-010  8.517740e-001  2.881280e-010 -1.658078e-002  2.881280e-010  4.709736e-001 
 2.882280e-010  8.568031e-001  2.882280e-010 -1.441306e-002  2.882280e-010  4.518118e-001 
 2.883280e-010  8.616922e-001  2.883280e-010 -1.163377e-002  2.883280e-010  4.325108e-001 
 2.884280e-010  8.664626e-001  2.884280e-010 -8.197184e-003  2.884280e-010  4.131472e-001 
 2.885280e-010  8.711401e-001  2.885280e-010 -4.079587e-003  2.885280e-010  3.938212e-001 
 2.886280e-010  8.757432e-001  2.886280e-010  7.506663e-004  2.886280e-010  3.746202e-001 
 2.887280e-010  8.802909e-001  2.887280e-010  6.306994e-003  2.887280e-010  3.556270e-001 
 2.888280e-010  8.847974e-001  2.888280e-010  1.261379e-002  2.888280e-010  3.369221e-001 
 2.889280e-010  8.892761e-001  2.889280e-010  1.967104e-002  2.889280e-010  3.185793e-001 
 2.890280e-010  8.937359e-001  2.890280e-010  2.748787e-002  2.890280e-010  3.006708e-001 
 2.891280e-010  8.981899e-001  2.891280e-010  3.605547e-002  2.891280e-010  2.832822e-001 
 2.892280e-010  9.026447e-001  2.892280e-010  4.537218e-002  2.892280e-010  2.664896e-001 
 2.893280e-010  9.071092e-001  2.893280e-010  5.541753e-002  2.893280e-010  2.503699e-001 
 2.894280e-010  9.115837e-001  2.894280e-010  6.617684e-002  2.894280e-010  2.349785e-001 
 2.895280e-010  9.160698e-001  2.895280e-010  7.761737e-002  2.895280e-010  2.203638e-001 
 2.896280e-010  9.205607e-001  2.896280e-010  8.971297e-002  2.896280e-010  2.065495e-001 
 2.897280e-010  9.250520e-001  2.897280e-010  1.024222e-001  2.897280e-010  1.935532e-001 
 2.898280e-010  9.295322e-001  2.898280e-010  1.157120e-001  2.898280e-010  1.813702e-001 
 2.899280e-010  9.339933e-001  2.899280e-010  1.295370e-001  2.899280e-010  1.699942e-001 
 2.900280e-010  9.384215e-001  2.900280e-010  1.438615e-001  2.900280e-010  1.594000e-001 
 2.901280e-010  9.428073e-001  2.901280e-010  1.586392e-001  2.901280e-010  1.495649e-001 
 2.902280e-010  9.471359e-001  2.902280e-010  1.738337e-001  2.902280e-010  1.404508e-001 
 2.903280e-010  9.513970e-001  2.903280e-010  1.893992e-001  2.903280e-010  1.320254e-001 
 2.904280e-010  9.555742e-001  2.904280e-010  2.052993e-001  2.904280e-010  1.242432e-001 
 2.905280e-010  9.596553e-001  2.905280e-010  2.214880e-001  2.905280e-010  1.170668e-001 
 2.906280e-010  9.636204e-001  2.906280e-010  2.379283e-001  2.906280e-010  1.104472e-001 
 2.907280e-010  9.674518e-001  2.907280e-010  2.545728e-001  2.907280e-010  1.043447e-001 
 2.908280e-010  9.711222e-001  2.908280e-010  2.713810e-001  2.908280e-010  9.870888e-002 
 2.909280e-010  9.746037e-001  2.909280e-010  2.883001e-001  2.909280e-010  9.349903e-002 
 2.910280e-010  9.778567e-001  2.910280e-010  3.052807e-001  2.910280e-010  8.866425e-002 
 2.911280e-010  9.808400e-001  2.911280e-010  3.222600e-001  2.911280e-010  8.416384e-002 
 2.912280e-010  9.835005e-001  2.912280e-010  3.391806e-001  2.912280e-010  7.994825e-002 
 2.913280e-010  9.857854e-001  2.913280e-010  3.559808e-001  2.913280e-010  7.598063e-002 
 2.914280e-010  9.876329e-001  2.914280e-010  3.726208e-001  2.914280e-010  7.221884e-002 
 2.915280e-010  9.889847e-001  2.915280e-010  3.890743e-001  2.915280e-010  6.863661e-002 
 2.916280e-010  9.897774e-001  2.916280e-010  4.053434e-001  2.916280e-010  6.520353e-002 
 2.917280e-010  9.899536e-001  2.917280e-010  4.214379e-001  2.917280e-010  6.190360e-002 
 2.918280e-010  9.894526e-001  2.918280e-010  4.373808e-001  2.918280e-010  5.871390e-002 
 2.919280e-010  9.882228e-001  2.919280e-010  4.531883e-001  2.919280e-010  5.562345e-002 
 2.920280e-010  9.862152e-001  2.920280e-010  4.688764e-001  2.920280e-010  5.261332e-002 
 2.921280e-010  9.833994e-001  2.921280e-010  4.844450e-001  2.921280e-010  4.967658e-002 
 2.922280e-010  9.797552e-001  2.922280e-010  4.998850e-001  2.922280e-010  4.679854e-002 
 2.923280e-010  9.752816e-001  2.923280e-010  5.151696e-001  2.923280e-010  4.397587e-002 
 2.924280e-010  9.699814e-001  2.924280e-010  5.302692e-001  2.924280e-010  4.119681e-002 
 2.925280e-010  9.638680e-001  2.925280e-010  5.451480e-001  2.925280e-010  3.846063e-002 
 2.926280e-010  9.569536e-001  2.926280e-010  5.597774e-001  2.926280e-010  3.575861e-002 
 2.927280e-010  9.492588e-001  2.927280e-010  5.741294e-001  2.927280e-010  3.309308e-002 
 2.928280e-010  9.408019e-001  2.928280e-010  5.881845e-001  2.928280e-010  3.045825e-002 
 2.929280e-010  9.316085e-001  2.929280e-010  6.019226e-001  2.929280e-010  2.785855e-002 
 2.930280e-010  9.217006e-001  2.930280e-010  6.153300e-001  2.930280e-010  2.528968e-002 
 2.931280e-010  9.111062e-001  2.931280e-010  6.283915e-001  2.931280e-010  2.275675e-002 
 2.932280e-010  8.998487e-001  2.932280e-010  6.410971e-001  2.932280e-010  2.025591e-002 
 2.933280e-010  8.879570e-001  2.933280e-010  6.534353e-001  2.933280e-010  1.779237e-002 
 2.934280e-010  8.754552e-001  2.934280e-010  6.654000e-001  2.934280e-010  1.536247e-002 
 2.935280e-010  8.623721e-001  2.935280e-010  6.769836e-001  2.935280e-010  1.297144e-002 
 2.936280e-010  8.487319e-001  2.936280e-010  6.881842e-001  2.936280e-010  1.061578e-002 
 2.937280e-010  8.345632e-001  2.937280e-010  6.989984e-001  2.937280e-010  8.300699e-003 
 2.938280e-010  8.198895e-001  2.938280e-010  7.094284e-001  2.938280e-010  6.022879e-003 
 2.939280e-010  8.047381e-001  2.939280e-010  7.194755e-001  2.939280e-010  3.787607e-003 
 2.940280e-010  7.891314e-001  2.940280e-010  7.291461e-001  2.940280e-010  1.592021e-003 
 2.941280e-010  7.730430e-001  2.941280e-010  7.384197e-001  2.941280e-010 -6.345258e-004 
 2.942280e-010  7.564067e-001  2.942280e-010  7.472666e-001  2.942280e-010 -3.013024e-003 
 2.943280e-010  7.394147e-001  2.943280e-010  7.557864e-001  2.943280e-010 -5.289331e-003 
 2.944280e-010  7.220900e-001  2.944280e-010  7.639886e-001  2.944280e-010 -7.471679e-003 
 2.945280e-010  7.044662e-001  2.945280e-010  7.718851e-001  2.945280e-010 -9.547928e-003 
 2.946280e-010  6.865834e-001  2.946280e-010  7.794909e-001  2.946280e-010 -1.151662e-002 
 2.947280e-010  6.684972e-001  2.947280e-010  7.868239e-001  2.947280e-010 -1.335369e-002 
 2.948280e-010  6.502676e-001  2.948280e-010  7.939041e-001  2.948280e-010 -1.504437e-002 
 2.949280e-010  6.319546e-001  2.949280e-010  8.007509e-001  2.949280e-010 -1.655008e-002 
 2.950280e-010  6.135965e-001  2.950280e-010  8.073808e-001  2.950280e-010 -1.784298e-002 
 2.951280e-010  5.952107e-001  2.951280e-010  8.138053e-001  2.951280e-010 -1.887595e-002 
 2.952280e-010  5.767919e-001  2.952280e-010  8.200318e-001  2.952280e-010 -1.961926e-002 
 2.953280e-010  5.583287e-001  2.953280e-010  8.260655e-001  2.953280e-010 -2.002929e-002 
 2.954280e-010  5.398016e-001  2.954280e-010  8.319103e-001  2.954280e-010 -2.008126e-002 
 2.955280e-010  5.211899e-001  2.955280e-010  8.375699e-001  2.955280e-010 -1.973374e-002 
 2.956280e-010  5.024637e-001  2.956280e-010  8.430480e-001  2.956280e-010 -1.895774e-002 
 2.957280e-010  4.835907e-001  2.957280e-010  8.483497e-001  2.957280e-010 -1.770031e-002 
 2.958280e-010  4.645445e-001  2.958280e-010  8.534834e-001  2.958280e-010 -1.591750e-002 
 2.959280e-010  4.453294e-001  2.959280e-010  8.584631e-001  2.959280e-010 -1.354748e-002 
 2.960280e-010  4.259970e-001  2.960280e-010  8.633094e-001  2.960280e-010 -1.055242e-002 
 2.961280e-010  4.066349e-001  2.961280e-010  8.680460e-001  2.961280e-010 -6.888251e-003 
 2.962280e-010  3.873421e-001  2.962280e-010  8.726965e-001  2.962280e-010 -2.534775e-003 
 2.963280e-010  3.682005e-001  2.963280e-010  8.772788e-001  2.963280e-010  2.538612e-003 
 2.964280e-010  3.492971e-001  2.964280e-010  8.818113e-001  2.964280e-010  8.345126e-003 
 2.965280e-010  3.307057e-001  2.965280e-010  8.863073e-001  2.965280e-010  1.490527e-002 
 2.966280e-010  3.125004e-001  2.966280e-010  8.907783e-001  2.966280e-010  2.221670e-002 
 2.967280e-010  2.947575e-001  2.967280e-010  8.952351e-001  2.967280e-010  3.028802e-002 
 2.968280e-010  2.775609e-001  2.968280e-010  8.996883e-001  2.968280e-010  3.910759e-002 
 2.969280e-010  2.609870e-001  2.969280e-010  9.041459e-001  2.969280e-010  4.867267e-002 
 2.970280e-010  2.451066e-001  2.970280e-010  9.086135e-001  2.970280e-010  5.895967e-002 
 2.971280e-010  2.299723e-001  2.971280e-010  9.130923e-001  2.971280e-010  6.995268e-002 
 2.972280e-010  2.156248e-001  2.972280e-010  9.175806e-001  2.972280e-010  8.161626e-002 
 2.973280e-010  2.020847e-001  2.973280e-010  9.220726e-001  2.973280e-010  9.392362e-002 
 2.974280e-010  1.893630e-001  2.974280e-010  9.265612e-001  2.974280e-010  1.068315e-001 
 2.975280e-010  1.774530e-001  2.975280e-010  9.310362e-001  2.975280e-010  1.203070e-001 
 2.976280e-010  1.663430e-001  2.976280e-010  9.354875e-001  2.976280e-010  1.343037e-001 
 2.977280e-010  1.560073e-001  2.977280e-010  9.399028e-001  2.977280e-010  1.487862e-001 
 2.978280e-010  1.464191e-001  2.978280e-010  9.442707e-001  2.978280e-010  1.637078e-001 
 2.979280e-010  1.375408e-001  2.979280e-010  9.485782e-001  2.979280e-010  1.790327e-001 
 2.980280e-010  1.293368e-001  2.980280e-010  9.528125e-001  2.980280e-010  1.947145e-001 
 2.981280e-010  1.217629e-001  2.981280e-010  9.569592e-001  2.981280e-010  2.107171e-001 
 2.982280e-010  1.147792e-001  2.982280e-010  9.610032e-001  2.982280e-010  2.269944e-001 
 2.983280e-010  1.083383e-001  2.983280e-010  9.649259e-001  2.983280e-010  2.435091e-001 
 2.984280e-010  1.023983e-001  2.984280e-010  9.687061e-001  2.984280e-010  2.602131e-001 
 2.985280e-010  9.691052e-002  2.985280e-010  9.723167e-001  2.985280e-010  2.770649e-001 
 2.986280e-010  9.183245e-002  2.986280e-010  9.757257e-001  2.986280e-010  2.940103e-001 
 2.987280e-010  8.711479e-002  2.987280e-010  9.788933e-001  2.987280e-010  3.109978e-001 
 2.988280e-010  8.271557e-002  2.988280e-010  9.817737e-001  2.988280e-010  3.279638e-001 
 2.989280e-010  7.858741e-002  2.989280e-010  9.843144e-001  2.989280e-010  3.448501e-001 
 2.990280e-010  7.469344e-002  2.990280e-010  9.864586e-001  2.990280e-010  3.616001e-001 
 2.991280e-010  7.099471e-002  2.991280e-010  9.881463e-001  2.991280e-010  3.781788e-001 
 2.992280e-010  6.746582e-002  2.992280e-010  9.893166e-001  2.992280e-010  3.945696e-001 
 2.993280e-010  6.407912e-002  2.993280e-010  9.899086e-001  2.993280e-010  4.107778e-001 
 2.994280e-010  6.081878e-002  2.994280e-010  9.898631e-001  2.994280e-010  4.268193e-001 
 2.995280e-010  5.766355e-002  2.995280e-010  9.891228e-001  2.995280e-010  4.427142e-001 
 2.996280e-010  5.460221e-002  2.996280e-010  9.876357e-001  2.996280e-010  4.584810e-001 
 2.997280e-010  5.161736e-002  2.997280e-010  9.853592e-001  2.997280e-010  4.741288e-001 
 2.998280e-010  4.870201e-002  2.998280e-010  9.822656e-001  2.998280e-010  4.896566e-001 
 2.999280e-010  4.584281e-002  2.999280e-010  9.783424e-001  2.999280e-010  5.050470e-001 
 3.000000e-010  4.381779e-002  3.000000e-010  9.750038e-001  3.000000e-010  5.160292e-001 
