 5.000000e-002  5.738754e-007  5.000000e-002  3.000000e-001 
 6.000000e-002  6.179353e-007  6.000000e-002  3.000000e-001 
 7.000000e-002  6.547720e-007  7.000000e-002  3.000000e-001 
 8.000000e-002  6.876315e-007  8.000000e-002  3.000000e-001 
 9.000000e-002  7.183897e-007  9.000000e-002  3.000000e-001 
 1.000000e-001  7.481314e-007  1.000000e-001  3.000000e-001 
 1.100000e-001  7.775020e-007  1.100000e-001  3.000000e-001 
 1.200000e-001  8.069020e-007  1.200000e-001  3.000000e-001 
 1.300000e-001  8.365924e-007  1.300000e-001  3.000000e-001 
 1.400000e-001  8.667517e-007  1.400000e-001  3.000000e-001 
 1.500000e-001  8.975087e-007  1.500000e-001  3.000000e-001 
 1.600000e-001  9.289606e-007  1.600000e-001  3.000000e-001 
 1.700000e-001  9.611848e-007  1.700000e-001  3.000000e-001 
 1.800000e-001  9.942453e-007  1.800000e-001  3.000000e-001 
 1.900000e-001  1.028198e-006  1.900000e-001  3.000000e-001 
 2.000000e-001  1.063091e-006  2.000000e-001  3.000000e-001 
 2.100000e-001  1.098970e-006  2.100000e-001  3.000000e-001 
 2.200000e-001  1.135878e-006  2.200000e-001  3.000000e-001 
 2.300000e-001  1.173855e-006  2.300000e-001  3.000000e-001 
 2.400000e-001  1.212941e-006  2.400000e-001  3.000000e-001 
 2.500000e-001  1.253174e-006  2.500000e-001  3.000000e-001 
 2.600000e-001  1.294592e-006  2.600000e-001  3.000000e-001 
 2.700000e-001  1.337234e-006  2.700000e-001  3.000000e-001 
 2.800000e-001  1.381138e-006  2.800000e-001  3.000000e-001 
 2.900000e-001  1.426343e-006  2.900000e-001  3.000000e-001 
 3.000000e-001  1.472887e-006  3.000000e-001  3.000000e-001 
 3.100000e-001  1.520809e-006  3.100000e-001  3.000000e-001 
 3.200000e-001  1.570150e-006  3.200000e-001  3.000000e-001 
 3.300000e-001  1.620949e-006  3.300000e-001  3.000000e-001 
 3.400000e-001  1.673249e-006  3.400000e-001  3.000000e-001 
 3.500000e-001  1.727091e-006  3.500000e-001  3.000000e-001 
 3.600000e-001  1.782517e-006  3.600000e-001  3.000000e-001 
 3.700000e-001  1.839571e-006  3.700000e-001  3.000000e-001 
 3.800000e-001  1.898297e-006  3.800000e-001  3.000000e-001 
 3.900000e-001  1.958741e-006  3.900000e-001  3.000000e-001 
 4.000000e-001  2.020947e-006  4.000000e-001  3.000000e-001 
 4.100000e-001  2.084964e-006  4.100000e-001  3.000000e-001 
 4.200000e-001  2.150839e-006  4.200000e-001  3.000000e-001 
 4.300000e-001  2.218620e-006  4.300000e-001  3.000000e-001 
 4.400000e-001  2.288357e-006  4.400000e-001  3.000000e-001 
 4.500000e-001  2.360101e-006  4.500000e-001  3.000000e-001 
 4.600000e-001  2.433904e-006  4.600000e-001  3.000000e-001 
 4.700000e-001  2.509819e-006  4.700000e-001  3.000000e-001 
 4.800000e-001  2.587898e-006  4.800000e-001  3.000000e-001 
 4.900000e-001  2.668197e-006  4.900000e-001  3.000000e-001 
 5.000000e-001  2.750772e-006  5.000000e-001  3.000000e-001 
 5.100000e-001  2.835680e-006  5.100000e-001  3.000000e-001 
 5.200000e-001  2.922978e-006  5.200000e-001  3.000000e-001 
 5.300000e-001  3.012727e-006  5.300000e-001  3.000000e-001 
 5.400000e-001  3.104986e-006  5.400000e-001  3.000000e-001 
 5.500000e-001  3.199818e-006  5.500000e-001  3.000000e-001 
 5.600000e-001  3.297285e-006  5.600000e-001  3.000000e-001 
 5.700000e-001  3.397451e-006  5.700000e-001  3.000000e-001 
 5.800000e-001  3.500382e-006  5.800000e-001  3.000000e-001 
 5.900000e-001  3.606144e-006  5.900000e-001  3.000000e-001 
 6.000000e-001  3.714805e-006  6.000000e-001  3.000000e-001 
 6.100000e-001  3.826435e-006  6.100000e-001  3.000000e-001 
 6.200000e-001  3.941104e-006  6.200000e-001  3.000000e-001 
 6.300000e-001  4.058886e-006  6.300000e-001  3.000000e-001 
 6.400000e-001  4.179852e-006  6.400000e-001  3.000000e-001 
 6.500000e-001  4.304079e-006  6.500000e-001  3.000000e-001 
 6.600000e-001  4.431644e-006  6.600000e-001  3.000000e-001 
 6.700000e-001  4.562623e-006  6.700000e-001  3.000000e-001 
 6.800000e-001  4.697098e-006  6.800000e-001  3.000000e-001 
 6.900000e-001  4.835150e-006  6.900000e-001  3.000000e-001 
 7.000000e-001  4.976862e-006  7.000000e-001  3.000000e-001 
 7.100000e-001  5.122318e-006  7.100000e-001  3.000000e-001 
 7.200000e-001  5.271607e-006  7.200000e-001  3.000000e-001 
 7.300000e-001  5.424815e-006  7.300000e-001  3.000000e-001 
 7.400000e-001  5.582033e-006  7.400000e-001  3.000000e-001 
 7.500000e-001  5.743354e-006  7.500000e-001  3.000000e-001 
 7.600000e-001  5.908872e-006  7.600000e-001  3.000000e-001 
 7.700000e-001  6.078682e-006  7.700000e-001  3.000000e-001 
 7.800000e-001  6.252884e-006  7.800000e-001  3.000000e-001 
 7.900000e-001  6.431577e-006  7.900000e-001  3.000000e-001 
 8.000000e-001  6.614864e-006  8.000000e-001  3.000000e-001 
 8.100000e-001  6.802849e-006  8.100000e-001  3.000000e-001 
 8.200000e-001  6.995639e-006  8.200000e-001  3.000000e-001 
 8.300000e-001  7.193344e-006  8.300000e-001  3.000000e-001 
 8.400000e-001  7.396074e-006  8.400000e-001  3.000000e-001 
 8.500000e-001  7.603943e-006  8.500000e-001  3.000000e-001 
 8.600000e-001  7.817068e-006  8.600000e-001  3.000000e-001 
 8.700000e-001  8.035568e-006  8.700000e-001  3.000000e-001 
 8.800000e-001  8.259563e-006  8.800000e-001  3.000000e-001 
 8.900000e-001  8.489177e-006  8.900000e-001  3.000000e-001 
 9.000000e-001  8.724537e-006  9.000000e-001  3.000000e-001 
 9.100000e-001  8.965773e-006  9.100000e-001  3.000000e-001 
 9.200000e-001  9.213015e-006  9.200000e-001  3.000000e-001 
 9.300000e-001  9.466399e-006  9.300000e-001  3.000000e-001 
 9.400000e-001  9.726062e-006  9.400000e-001  3.000000e-001 
 9.500000e-001  9.992144e-006  9.500000e-001  3.000000e-001 
 9.600000e-001  1.026479e-005  9.600000e-001  3.000000e-001 
 9.700000e-001  1.054414e-005  9.700000e-001  3.000000e-001 
 9.800000e-001  1.083036e-005  9.800000e-001  3.000000e-001 
 9.900000e-001  1.112358e-005  9.900000e-001  3.000000e-001 
 1.000000e+000  1.142397e-005  1.000000e+000  3.000000e-001 
 5.000000e-002  4.952572e-006  5.000000e-002  4.000000e-001 
 6.000000e-002  5.370338e-006  6.000000e-002  4.000000e-001 
 7.000000e-002  5.707845e-006  7.000000e-002  4.000000e-001 
 8.000000e-002  5.996086e-006  8.000000e-002  4.000000e-001 
 9.000000e-002  6.254981e-006  9.000000e-002  4.000000e-001 
 1.000000e-001  6.496783e-006  1.000000e-001  4.000000e-001 
 1.100000e-001  6.728989e-006  1.100000e-001  4.000000e-001 
 1.200000e-001  6.956263e-006  1.200000e-001  4.000000e-001 
 1.300000e-001  7.181589e-006  1.300000e-001  4.000000e-001 
 1.400000e-001  7.406945e-006  1.400000e-001  4.000000e-001 
 1.500000e-001  7.633684e-006  1.500000e-001  4.000000e-001 
 1.600000e-001  7.862765e-006  1.600000e-001  4.000000e-001 
 1.700000e-001  8.094895e-006  1.700000e-001  4.000000e-001 
 1.800000e-001  8.330606e-006  1.800000e-001  4.000000e-001 
 1.900000e-001  8.570317e-006  1.900000e-001  4.000000e-001 
 2.000000e-001  8.814365e-006  2.000000e-001  4.000000e-001 
 2.100000e-001  9.063028e-006  2.100000e-001  4.000000e-001 
 2.200000e-001  9.316541e-006  2.200000e-001  4.000000e-001 
 2.300000e-001  9.575112e-006  2.300000e-001  4.000000e-001 
 2.400000e-001  9.838920e-006  2.400000e-001  4.000000e-001 
 2.500000e-001  1.010813e-005  2.500000e-001  4.000000e-001 
 2.600000e-001  1.038289e-005  2.600000e-001  4.000000e-001 
 2.700000e-001  1.066335e-005  2.700000e-001  4.000000e-001 
 2.800000e-001  1.094962e-005  2.800000e-001  4.000000e-001 
 2.900000e-001  1.124184e-005  2.900000e-001  4.000000e-001 
 3.000000e-001  1.154012e-005  3.000000e-001  4.000000e-001 
 3.100000e-001  1.184457e-005  3.100000e-001  4.000000e-001 
 3.200000e-001  1.215531e-005  3.200000e-001  4.000000e-001 
 3.300000e-001  1.247243e-005  3.300000e-001  4.000000e-001 
 3.400000e-001  1.279604e-005  3.400000e-001  4.000000e-001 
 3.500000e-001  1.312624e-005  3.500000e-001  4.000000e-001 
 3.600000e-001  1.346312e-005  3.600000e-001  4.000000e-001 
 3.700000e-001  1.380678e-005  3.700000e-001  4.000000e-001 
 3.800000e-001  1.415731e-005  3.800000e-001  4.000000e-001 
 3.900000e-001  1.451480e-005  3.900000e-001  4.000000e-001 
 4.000000e-001  1.487934e-005  4.000000e-001  4.000000e-001 
 4.100000e-001  1.525101e-005  4.100000e-001  4.000000e-001 
 4.200000e-001  1.562989e-005  4.200000e-001  4.000000e-001 
 4.300000e-001  1.601608e-005  4.300000e-001  4.000000e-001 
 4.400000e-001  1.640965e-005  4.400000e-001  4.000000e-001 
 4.500000e-001  1.681068e-005  4.500000e-001  4.000000e-001 
 4.600000e-001  1.721924e-005  4.600000e-001  4.000000e-001 
 4.700000e-001  1.763542e-005  4.700000e-001  4.000000e-001 
 4.800000e-001  1.805928e-005  4.800000e-001  4.000000e-001 
 4.900000e-001  1.849091e-005  4.900000e-001  4.000000e-001 
 5.000000e-001  1.893036e-005  5.000000e-001  4.000000e-001 
 5.100000e-001  1.937771e-005  5.100000e-001  4.000000e-001 
 5.200000e-001  1.983303e-005  5.200000e-001  4.000000e-001 
 5.300000e-001  2.029639e-005  5.300000e-001  4.000000e-001 
 5.400000e-001  2.076784e-005  5.400000e-001  4.000000e-001 
 5.500000e-001  2.124745e-005  5.500000e-001  4.000000e-001 
 5.600000e-001  2.173528e-005  5.600000e-001  4.000000e-001 
 5.700000e-001  2.223140e-005  5.700000e-001  4.000000e-001 
 5.800000e-001  2.273585e-005  5.800000e-001  4.000000e-001 
 5.900000e-001  2.324871e-005  5.900000e-001  4.000000e-001 
 6.000000e-001  2.377003e-005  6.000000e-001  4.000000e-001 
 6.100000e-001  2.429986e-005  6.100000e-001  4.000000e-001 
 6.200000e-001  2.483825e-005  6.200000e-001  4.000000e-001 
 6.300000e-001  2.538527e-005  6.300000e-001  4.000000e-001 
 6.400000e-001  2.594097e-005  6.400000e-001  4.000000e-001 
 6.500000e-001  2.650539e-005  6.500000e-001  4.000000e-001 
 6.600000e-001  2.707860e-005  6.600000e-001  4.000000e-001 
 6.700000e-001  2.766064e-005  6.700000e-001  4.000000e-001 
 6.800000e-001  2.825157e-005  6.800000e-001  4.000000e-001 
 6.900000e-001  2.885143e-005  6.900000e-001  4.000000e-001 
 7.000000e-001  2.946029e-005  7.000000e-001  4.000000e-001 
 7.100000e-001  3.007819e-005  7.100000e-001  4.000000e-001 
 7.200000e-001  3.070518e-005  7.200000e-001  4.000000e-001 
 7.300000e-001  3.134132e-005  7.300000e-001  4.000000e-001 
 7.400000e-001  3.198667e-005  7.400000e-001  4.000000e-001 
 7.500000e-001  3.264128e-005  7.500000e-001  4.000000e-001 
 7.600000e-001  3.330520e-005  7.600000e-001  4.000000e-001 
 7.700000e-001  3.397849e-005  7.700000e-001  4.000000e-001 
 7.800000e-001  3.466122e-005  7.800000e-001  4.000000e-001 
 7.900000e-001  3.535344e-005  7.900000e-001  4.000000e-001 
 8.000000e-001  3.605521e-005  8.000000e-001  4.000000e-001 
 8.100000e-001  3.676660e-005  8.100000e-001  4.000000e-001 
 8.200000e-001  3.748767e-005  8.200000e-001  4.000000e-001 
 8.300000e-001  3.821850e-005  8.300000e-001  4.000000e-001 
 8.400000e-001  3.895915e-005  8.400000e-001  4.000000e-001 
 8.500000e-001  3.970970e-005  8.500000e-001  4.000000e-001 
 8.600000e-001  4.047022e-005  8.600000e-001  4.000000e-001 
 8.700000e-001  4.124079e-005  8.700000e-001  4.000000e-001 
 8.800000e-001  4.202150e-005  8.800000e-001  4.000000e-001 
 8.900000e-001  4.281243e-005  8.900000e-001  4.000000e-001 
 9.000000e-001  4.361367e-005  9.000000e-001  4.000000e-001 
 9.100000e-001  4.442531e-005  9.100000e-001  4.000000e-001 
 9.200000e-001  4.524745e-005  9.200000e-001  4.000000e-001 
 9.300000e-001  4.608019e-005  9.300000e-001  4.000000e-001 
 9.400000e-001  4.692363e-005  9.400000e-001  4.000000e-001 
 9.500000e-001  4.777788e-005  9.500000e-001  4.000000e-001 
 9.600000e-001  4.864306e-005  9.600000e-001  4.000000e-001 
 9.700000e-001  4.951927e-005  9.700000e-001  4.000000e-001 
 9.800000e-001  5.040664e-005  9.800000e-001  4.000000e-001 
 9.900000e-001  5.130531e-005  9.900000e-001  4.000000e-001 
 1.000000e+000  5.221539e-005  1.000000e+000  4.000000e-001 
 5.000000e-002  2.292304e-005  5.000000e-002  5.000000e-001 
 6.000000e-002  2.569183e-005  6.000000e-002  5.000000e-001 
 7.000000e-002  2.799244e-005  7.000000e-002  5.000000e-001 
 8.000000e-002  2.990612e-005  8.000000e-002  5.000000e-001 
 9.000000e-002  3.151637e-005  9.000000e-002  5.000000e-001 
 1.000000e-001  3.289958e-005  1.000000e-001  5.000000e-001 
 1.100000e-001  3.411875e-005  1.100000e-001  5.000000e-001 
 1.200000e-001  3.522195e-005  1.200000e-001  5.000000e-001 
 1.300000e-001  3.624403e-005  1.300000e-001  5.000000e-001 
 1.400000e-001  3.720962e-005  1.400000e-001  5.000000e-001 
 1.500000e-001  3.813596e-005  1.500000e-001  5.000000e-001 
 1.600000e-001  3.903518e-005  1.600000e-001  5.000000e-001 
 1.700000e-001  3.991586e-005  1.700000e-001  5.000000e-001 
 1.800000e-001  4.078417e-005  1.800000e-001  5.000000e-001 
 1.900000e-001  4.164462e-005  1.900000e-001  5.000000e-001 
 2.000000e-001  4.250053e-005  2.000000e-001  5.000000e-001 
 2.100000e-001  4.335440e-005  2.100000e-001  5.000000e-001 
 2.200000e-001  4.420814e-005  2.200000e-001  5.000000e-001 
 2.300000e-001  4.506321e-005  2.300000e-001  5.000000e-001 
 2.400000e-001  4.592076e-005  2.400000e-001  5.000000e-001 
 2.500000e-001  4.678167e-005  2.500000e-001  5.000000e-001 
 2.600000e-001  4.764667e-005  2.600000e-001  5.000000e-001 
 2.700000e-001  4.851633e-005  2.700000e-001  5.000000e-001 
 2.800000e-001  4.939110e-005  2.800000e-001  5.000000e-001 
 2.900000e-001  5.027136e-005  2.900000e-001  5.000000e-001 
 3.000000e-001  5.115742e-005  3.000000e-001  5.000000e-001 
 3.100000e-001  5.204950e-005  3.100000e-001  5.000000e-001 
 3.200000e-001  5.294782e-005  3.200000e-001  5.000000e-001 
 3.300000e-001  5.385254e-005  3.300000e-001  5.000000e-001 
 3.400000e-001  5.476379e-005  3.400000e-001  5.000000e-001 
 3.500000e-001  5.568167e-005  3.500000e-001  5.000000e-001 
 3.600000e-001  5.660626e-005  3.600000e-001  5.000000e-001 
 3.700000e-001  5.753764e-005  3.700000e-001  5.000000e-001 
 3.800000e-001  5.847585e-005  3.800000e-001  5.000000e-001 
 3.900000e-001  5.942093e-005  3.900000e-001  5.000000e-001 
 4.000000e-001  6.037289e-005  4.000000e-001  5.000000e-001 
 4.100000e-001  6.133177e-005  4.100000e-001  5.000000e-001 
 4.200000e-001  6.229756e-005  4.200000e-001  5.000000e-001 
 4.300000e-001  6.327026e-005  4.300000e-001  5.000000e-001 
 4.400000e-001  6.424986e-005  4.400000e-001  5.000000e-001 
 4.500000e-001  6.523636e-005  4.500000e-001  5.000000e-001 
 4.600000e-001  6.622973e-005  4.600000e-001  5.000000e-001 
 4.700000e-001  6.722994e-005  4.700000e-001  5.000000e-001 
 4.800000e-001  6.823698e-005  4.800000e-001  5.000000e-001 
 4.900000e-001  6.925081e-005  4.900000e-001  5.000000e-001 
 5.000000e-001  7.027141e-005  5.000000e-001  5.000000e-001 
 5.100000e-001  7.129872e-005  5.100000e-001  5.000000e-001 
 5.200000e-001  7.233273e-005  5.200000e-001  5.000000e-001 
 5.300000e-001  7.337338e-005  5.300000e-001  5.000000e-001 
 5.400000e-001  7.442064e-005  5.400000e-001  5.000000e-001 
 5.500000e-001  7.547446e-005  5.500000e-001  5.000000e-001 
 5.600000e-001  7.653481e-005  5.600000e-001  5.000000e-001 
 5.700000e-001  7.760165e-005  5.700000e-001  5.000000e-001 
 5.800000e-001  7.867492e-005  5.800000e-001  5.000000e-001 
 5.900000e-001  7.975459e-005  5.900000e-001  5.000000e-001 
 6.000000e-001  8.084062e-005  6.000000e-001  5.000000e-001 
 6.100000e-001  8.193296e-005  6.100000e-001  5.000000e-001 
 6.200000e-001  8.303159e-005  6.200000e-001  5.000000e-001 
 6.300000e-001  8.413646e-005  6.300000e-001  5.000000e-001 
 6.400000e-001  8.524753e-005  6.400000e-001  5.000000e-001 
 6.500000e-001  8.636478e-005  6.500000e-001  5.000000e-001 
 6.600000e-001  8.748818e-005  6.600000e-001  5.000000e-001 
 6.700000e-001  8.861770e-005  6.700000e-001  5.000000e-001 
 6.800000e-001  8.975331e-005  6.800000e-001  5.000000e-001 
 6.900000e-001  9.089501e-005  6.900000e-001  5.000000e-001 
 7.000000e-001  9.204276e-005  7.000000e-001  5.000000e-001 
 7.100000e-001  9.319657e-005  7.100000e-001  5.000000e-001 
 7.200000e-001  9.435642e-005  7.200000e-001  5.000000e-001 
 7.300000e-001  9.552232e-005  7.300000e-001  5.000000e-001 
 7.400000e-001  9.669427e-005  7.400000e-001  5.000000e-001 
 7.500000e-001  9.787228e-005  7.500000e-001  5.000000e-001 
 7.600000e-001  9.905636e-005  7.600000e-001  5.000000e-001 
 7.700000e-001  1.002465e-004  7.700000e-001  5.000000e-001 
 7.800000e-001  1.014428e-004  7.800000e-001  5.000000e-001 
 7.900000e-001  1.026453e-004  7.900000e-001  5.000000e-001 
 8.000000e-001  1.038540e-004  8.000000e-001  5.000000e-001 
 8.100000e-001  1.050689e-004  8.100000e-001  5.000000e-001 
 8.200000e-001  1.062901e-004  8.200000e-001  5.000000e-001 
 8.300000e-001  1.075177e-004  8.300000e-001  5.000000e-001 
 8.400000e-001  1.087517e-004  8.400000e-001  5.000000e-001 
 8.500000e-001  1.099922e-004  8.500000e-001  5.000000e-001 
 8.600000e-001  1.112394e-004  8.600000e-001  5.000000e-001 
 8.700000e-001  1.124932e-004  8.700000e-001  5.000000e-001 
 8.800000e-001  1.137539e-004  8.800000e-001  5.000000e-001 
 8.900000e-001  1.150215e-004  8.900000e-001  5.000000e-001 
 9.000000e-001  1.162961e-004  9.000000e-001  5.000000e-001 
 9.100000e-001  1.175779e-004  9.100000e-001  5.000000e-001 
 9.200000e-001  1.188670e-004  9.200000e-001  5.000000e-001 
 9.300000e-001  1.201635e-004  9.300000e-001  5.000000e-001 
 9.400000e-001  1.214677e-004  9.400000e-001  5.000000e-001 
 9.500000e-001  1.227796e-004  9.500000e-001  5.000000e-001 
 9.600000e-001  1.240995e-004  9.600000e-001  5.000000e-001 
 9.700000e-001  1.254275e-004  9.700000e-001  5.000000e-001 
 9.800000e-001  1.267639e-004  9.800000e-001  5.000000e-001 
 9.900000e-001  1.281087e-004  9.900000e-001  5.000000e-001 
 1.000000e+000  1.294624e-004  1.000000e+000  5.000000e-001 
 5.000000e-002  4.869026e-005  5.000000e-002  6.000000e-001 
 6.000000e-002  5.628897e-005  6.000000e-002  6.000000e-001 
 7.000000e-002  6.321111e-005  7.000000e-002  6.000000e-001 
 8.000000e-002  6.947543e-005  8.000000e-002  6.000000e-001 
 9.000000e-002  7.510450e-005  9.000000e-002  6.000000e-001 
 1.000000e-001  8.012703e-005  1.000000e-001  6.000000e-001 
 1.100000e-001  8.458016e-005  1.100000e-001  6.000000e-001 
 1.200000e-001  8.851087e-005  1.200000e-001  6.000000e-001 
 1.300000e-001  9.197543e-005  1.300000e-001  6.000000e-001 
 1.400000e-001  9.503645e-005  1.400000e-001  6.000000e-001 
 1.500000e-001  9.775822e-005  1.500000e-001  6.000000e-001 
 1.600000e-001  1.002019e-004  1.600000e-001  6.000000e-001 
 1.700000e-001  1.024218e-004  1.700000e-001  6.000000e-001 
 1.800000e-001  1.044642e-004  1.800000e-001  6.000000e-001 
 1.900000e-001  1.063664e-004  1.900000e-001  6.000000e-001 
 2.000000e-001  1.081582e-004  2.000000e-001  6.000000e-001 
 2.100000e-001  1.098629e-004  2.100000e-001  6.000000e-001 
 2.200000e-001  1.114988e-004  2.200000e-001  6.000000e-001 
 2.300000e-001  1.130798e-004  2.300000e-001  6.000000e-001 
 2.400000e-001  1.146169e-004  2.400000e-001  6.000000e-001 
 2.500000e-001  1.161187e-004  2.500000e-001  6.000000e-001 
 2.600000e-001  1.175920e-004  2.600000e-001  6.000000e-001 
 2.700000e-001  1.190421e-004  2.700000e-001  6.000000e-001 
 2.800000e-001  1.204734e-004  2.800000e-001  6.000000e-001 
 2.900000e-001  1.218891e-004  2.900000e-001  6.000000e-001 
 3.000000e-001  1.232922e-004  3.000000e-001  6.000000e-001 
 3.100000e-001  1.246849e-004  3.100000e-001  6.000000e-001 
 3.200000e-001  1.260691e-004  3.200000e-001  6.000000e-001 
 3.300000e-001  1.274464e-004  3.300000e-001  6.000000e-001 
 3.400000e-001  1.288180e-004  3.400000e-001  6.000000e-001 
 3.500000e-001  1.301850e-004  3.500000e-001  6.000000e-001 
 3.600000e-001  1.315484e-004  3.600000e-001  6.000000e-001 
 3.700000e-001  1.329090e-004  3.700000e-001  6.000000e-001 
 3.800000e-001  1.342673e-004  3.800000e-001  6.000000e-001 
 3.900000e-001  1.356240e-004  3.900000e-001  6.000000e-001 
 4.000000e-001  1.369795e-004  4.000000e-001  6.000000e-001 
 4.100000e-001  1.383343e-004  4.100000e-001  6.000000e-001 
 4.200000e-001  1.396887e-004  4.200000e-001  6.000000e-001 
 4.300000e-001  1.410429e-004  4.300000e-001  6.000000e-001 
 4.400000e-001  1.423974e-004  4.400000e-001  6.000000e-001 
 4.500000e-001  1.437523e-004  4.500000e-001  6.000000e-001 
 4.600000e-001  1.451077e-004  4.600000e-001  6.000000e-001 
 4.700000e-001  1.464640e-004  4.700000e-001  6.000000e-001 
 4.800000e-001  1.478212e-004  4.800000e-001  6.000000e-001 
 4.900000e-001  1.491795e-004  4.900000e-001  6.000000e-001 
 5.000000e-001  1.505390e-004  5.000000e-001  6.000000e-001 
 5.100000e-001  1.518998e-004  5.100000e-001  6.000000e-001 
 5.200000e-001  1.532619e-004  5.200000e-001  6.000000e-001 
 5.300000e-001  1.546256e-004  5.300000e-001  6.000000e-001 
 5.400000e-001  1.559907e-004  5.400000e-001  6.000000e-001 
 5.500000e-001  1.573575e-004  5.500000e-001  6.000000e-001 
 5.600000e-001  1.587259e-004  5.600000e-001  6.000000e-001 
 5.700000e-001  1.600960e-004  5.700000e-001  6.000000e-001 
 5.800000e-001  1.614678e-004  5.800000e-001  6.000000e-001 
 5.900000e-001  1.628414e-004  5.900000e-001  6.000000e-001 
 6.000000e-001  1.642168e-004  6.000000e-001  6.000000e-001 
 6.100000e-001  1.655940e-004  6.100000e-001  6.000000e-001 
 6.200000e-001  1.669732e-004  6.200000e-001  6.000000e-001 
 6.300000e-001  1.683542e-004  6.300000e-001  6.000000e-001 
 6.400000e-001  1.697371e-004  6.400000e-001  6.000000e-001 
 6.500000e-001  1.711221e-004  6.500000e-001  6.000000e-001 
 6.600000e-001  1.725090e-004  6.600000e-001  6.000000e-001 
 6.700000e-001  1.738980e-004  6.700000e-001  6.000000e-001 
 6.800000e-001  1.752890e-004  6.800000e-001  6.000000e-001 
 6.900000e-001  1.766821e-004  6.900000e-001  6.000000e-001 
 7.000000e-001  1.780774e-004  7.000000e-001  6.000000e-001 
 7.100000e-001  1.794749e-004  7.100000e-001  6.000000e-001 
 7.200000e-001  1.808746e-004  7.200000e-001  6.000000e-001 
 7.300000e-001  1.822766e-004  7.300000e-001  6.000000e-001 
 7.400000e-001  1.836810e-004  7.400000e-001  6.000000e-001 
 7.500000e-001  1.850878e-004  7.500000e-001  6.000000e-001 
 7.600000e-001  1.864971e-004  7.600000e-001  6.000000e-001 
 7.700000e-001  1.879090e-004  7.700000e-001  6.000000e-001 
 7.800000e-001  1.893236e-004  7.800000e-001  6.000000e-001 
 7.900000e-001  1.907410e-004  7.900000e-001  6.000000e-001 
 8.000000e-001  1.921612e-004  8.000000e-001  6.000000e-001 
 8.100000e-001  1.935845e-004  8.100000e-001  6.000000e-001 
 8.200000e-001  1.950108e-004  8.200000e-001  6.000000e-001 
 8.300000e-001  1.964405e-004  8.300000e-001  6.000000e-001 
 8.400000e-001  1.978735e-004  8.400000e-001  6.000000e-001 
 8.500000e-001  1.993100e-004  8.500000e-001  6.000000e-001 
 8.600000e-001  2.007503e-004  8.600000e-001  6.000000e-001 
 8.700000e-001  2.021944e-004  8.700000e-001  6.000000e-001 
 8.800000e-001  2.036426e-004  8.800000e-001  6.000000e-001 
 8.900000e-001  2.050951e-004  8.900000e-001  6.000000e-001 
 9.000000e-001  2.065520e-004  9.000000e-001  6.000000e-001 
 9.100000e-001  2.080136e-004  9.100000e-001  6.000000e-001 
 9.200000e-001  2.094801e-004  9.200000e-001  6.000000e-001 
 9.300000e-001  2.109517e-004  9.300000e-001  6.000000e-001 
 9.400000e-001  2.124288e-004  9.400000e-001  6.000000e-001 
 9.500000e-001  2.139115e-004  9.500000e-001  6.000000e-001 
 9.600000e-001  2.154001e-004  9.600000e-001  6.000000e-001 
 9.700000e-001  2.168949e-004  9.700000e-001  6.000000e-001 
 9.800000e-001  2.183962e-004  9.800000e-001  6.000000e-001 
 9.900000e-001  2.199044e-004  9.900000e-001  6.000000e-001 
 1.000000e+000  2.214197e-004  1.000000e+000  6.000000e-001 
 5.000000e-002  6.742140e-005  5.000000e-002  7.000000e-001 
 6.000000e-002  7.903060e-005  6.000000e-002  7.000000e-001 
 7.000000e-002  9.003019e-005  7.000000e-002  7.000000e-001 
 8.000000e-002  1.004261e-004  8.000000e-002  7.000000e-001 
 9.000000e-002  1.102237e-004  9.000000e-002  7.000000e-001 
 1.000000e-001  1.194277e-004  1.000000e-001  7.000000e-001 
 1.100000e-001  1.280424e-004  1.100000e-001  7.000000e-001 
 1.200000e-001  1.360726e-004  1.200000e-001  7.000000e-001 
 1.300000e-001  1.435235e-004  1.300000e-001  7.000000e-001 
 1.400000e-001  1.504027e-004  1.400000e-001  7.000000e-001 
 1.500000e-001  1.567209e-004  1.500000e-001  7.000000e-001 
 1.600000e-001  1.624941e-004  1.600000e-001  7.000000e-001 
 1.700000e-001  1.677452e-004  1.700000e-001  7.000000e-001 
 1.800000e-001  1.725044e-004  1.800000e-001  7.000000e-001 
 1.900000e-001  1.768095e-004  1.900000e-001  7.000000e-001 
 2.000000e-001  1.807044e-004  2.000000e-001  7.000000e-001 
 2.100000e-001  1.842367e-004  2.100000e-001  7.000000e-001 
 2.200000e-001  1.874543e-004  2.200000e-001  7.000000e-001 
 2.300000e-001  1.904032e-004  2.300000e-001  7.000000e-001 
 2.400000e-001  1.931257e-004  2.400000e-001  7.000000e-001 
 2.500000e-001  1.956586e-004  2.500000e-001  7.000000e-001 
 2.600000e-001  1.980339e-004  2.600000e-001  7.000000e-001 
 2.700000e-001  2.002781e-004  2.700000e-001  7.000000e-001 
 2.800000e-001  2.024135e-004  2.800000e-001  7.000000e-001 
 2.900000e-001  2.044581e-004  2.900000e-001  7.000000e-001 
 3.000000e-001  2.064268e-004  3.000000e-001  7.000000e-001 
 3.100000e-001  2.083320e-004  3.100000e-001  7.000000e-001 
 3.200000e-001  2.101835e-004  3.200000e-001  7.000000e-001 
 3.300000e-001  2.119896e-004  3.300000e-001  7.000000e-001 
 3.400000e-001  2.137571e-004  3.400000e-001  7.000000e-001 
 3.500000e-001  2.154915e-004  3.500000e-001  7.000000e-001 
 3.600000e-001  2.171975e-004  3.600000e-001  7.000000e-001 
 3.700000e-001  2.188790e-004  3.700000e-001  7.000000e-001 
 3.800000e-001  2.205394e-004  3.800000e-001  7.000000e-001 
 3.900000e-001  2.221812e-004  3.900000e-001  7.000000e-001 
 4.000000e-001  2.238070e-004  4.000000e-001  7.000000e-001 
 4.100000e-001  2.254187e-004  4.100000e-001  7.000000e-001 
 4.200000e-001  2.270180e-004  4.200000e-001  7.000000e-001 
 4.300000e-001  2.286064e-004  4.300000e-001  7.000000e-001 
 4.400000e-001  2.301852e-004  4.400000e-001  7.000000e-001 
 4.500000e-001  2.317555e-004  4.500000e-001  7.000000e-001 
 4.600000e-001  2.333182e-004  4.600000e-001  7.000000e-001 
 4.700000e-001  2.348743e-004  4.700000e-001  7.000000e-001 
 4.800000e-001  2.364244e-004  4.800000e-001  7.000000e-001 
 4.900000e-001  2.379691e-004  4.900000e-001  7.000000e-001 
 5.000000e-001  2.395092e-004  5.000000e-001  7.000000e-001 
 5.100000e-001  2.410450e-004  5.100000e-001  7.000000e-001 
 5.200000e-001  2.425771e-004  5.200000e-001  7.000000e-001 
 5.300000e-001  2.441059e-004  5.300000e-001  7.000000e-001 
 5.400000e-001  2.456316e-004  5.400000e-001  7.000000e-001 
 5.500000e-001  2.471547e-004  5.500000e-001  7.000000e-001 
 5.600000e-001  2.486754e-004  5.600000e-001  7.000000e-001 
 5.700000e-001  2.501940e-004  5.700000e-001  7.000000e-001 
 5.800000e-001  2.517107e-004  5.800000e-001  7.000000e-001 
 5.900000e-001  2.532258e-004  5.900000e-001  7.000000e-001 
 6.000000e-001  2.547395e-004  6.000000e-001  7.000000e-001 
 6.100000e-001  2.562518e-004  6.100000e-001  7.000000e-001 
 6.200000e-001  2.577631e-004  6.200000e-001  7.000000e-001 
 6.300000e-001  2.592734e-004  6.300000e-001  7.000000e-001 
 6.400000e-001  2.607828e-004  6.400000e-001  7.000000e-001 
 6.500000e-001  2.622916e-004  6.500000e-001  7.000000e-001 
 6.600000e-001  2.637999e-004  6.600000e-001  7.000000e-001 
 6.700000e-001  2.653077e-004  6.700000e-001  7.000000e-001 
 6.800000e-001  2.668152e-004  6.800000e-001  7.000000e-001 
 6.900000e-001  2.683225e-004  6.900000e-001  7.000000e-001 
 7.000000e-001  2.698297e-004  7.000000e-001  7.000000e-001 
 7.100000e-001  2.713369e-004  7.100000e-001  7.000000e-001 
 7.200000e-001  2.728442e-004  7.200000e-001  7.000000e-001 
 7.300000e-001  2.743517e-004  7.300000e-001  7.000000e-001 
 7.400000e-001  2.758596e-004  7.400000e-001  7.000000e-001 
 7.500000e-001  2.773679e-004  7.500000e-001  7.000000e-001 
 7.600000e-001  2.788767e-004  7.600000e-001  7.000000e-001 
 7.700000e-001  2.803863e-004  7.700000e-001  7.000000e-001 
 7.800000e-001  2.818966e-004  7.800000e-001  7.000000e-001 
 7.900000e-001  2.834079e-004  7.900000e-001  7.000000e-001 
 8.000000e-001  2.849203e-004  8.000000e-001  7.000000e-001 
 8.100000e-001  2.864339e-004  8.100000e-001  7.000000e-001 
 8.200000e-001  2.879489e-004  8.200000e-001  7.000000e-001 
 8.300000e-001  2.894654e-004  8.300000e-001  7.000000e-001 
 8.400000e-001  2.909836e-004  8.400000e-001  7.000000e-001 
 8.500000e-001  2.925038e-004  8.500000e-001  7.000000e-001 
 8.600000e-001  2.940260e-004  8.600000e-001  7.000000e-001 
 8.700000e-001  2.955506e-004  8.700000e-001  7.000000e-001 
 8.800000e-001  2.970777e-004  8.800000e-001  7.000000e-001 
 8.900000e-001  2.986075e-004  8.900000e-001  7.000000e-001 
 9.000000e-001  3.001403e-004  9.000000e-001  7.000000e-001 
 9.100000e-001  3.016764e-004  9.100000e-001  7.000000e-001 
 9.200000e-001  3.032159e-004  9.200000e-001  7.000000e-001 
 9.300000e-001  3.047593e-004  9.300000e-001  7.000000e-001 
 9.400000e-001  3.063067e-004  9.400000e-001  7.000000e-001 
 9.500000e-001  3.078586e-004  9.500000e-001  7.000000e-001 
 9.600000e-001  3.094151e-004  9.600000e-001  7.000000e-001 
 9.700000e-001  3.109767e-004  9.700000e-001  7.000000e-001 
 9.800000e-001  3.125437e-004  9.800000e-001  7.000000e-001 
 9.900000e-001  3.141164e-004  9.900000e-001  7.000000e-001 
 1.000000e+000  3.156953e-004  1.000000e+000  7.000000e-001 
 5.000000e-002  7.921305e-005  5.000000e-002  8.000000e-001 
 6.000000e-002  9.347174e-005  6.000000e-002  8.000000e-001 
 7.000000e-002  1.072115e-004  7.000000e-002  8.000000e-001 
 8.000000e-002  1.204361e-004  8.000000e-002  8.000000e-001 
 9.000000e-002  1.331485e-004  9.000000e-002  8.000000e-001 
 1.000000e-001  1.453517e-004  1.000000e-001  8.000000e-001 
 1.100000e-001  1.570477e-004  1.100000e-001  8.000000e-001 
 1.200000e-001  1.682379e-004  1.200000e-001  8.000000e-001 
 1.300000e-001  1.789231e-004  1.300000e-001  8.000000e-001 
 1.400000e-001  1.891035e-004  1.400000e-001  8.000000e-001 
 1.500000e-001  1.987784e-004  1.500000e-001  8.000000e-001 
 1.600000e-001  2.079468e-004  1.600000e-001  8.000000e-001 
 1.700000e-001  2.166076e-004  1.700000e-001  8.000000e-001 
 1.800000e-001  2.247599e-004  1.800000e-001  8.000000e-001 
 1.900000e-001  2.324038e-004  1.900000e-001  8.000000e-001 
 2.000000e-001  2.395413e-004  2.000000e-001  8.000000e-001 
 2.100000e-001  2.461778e-004  2.100000e-001  8.000000e-001 
 2.200000e-001  2.523229e-004  2.200000e-001  8.000000e-001 
 2.300000e-001  2.579917e-004  2.300000e-001  8.000000e-001 
 2.400000e-001  2.632054e-004  2.400000e-001  8.000000e-001 
 2.500000e-001  2.679912e-004  2.500000e-001  8.000000e-001 
 2.600000e-001  2.723818e-004  2.600000e-001  8.000000e-001 
 2.700000e-001  2.764132e-004  2.700000e-001  8.000000e-001 
 2.800000e-001  2.801237e-004  2.800000e-001  8.000000e-001 
 2.900000e-001  2.835510e-004  2.900000e-001  8.000000e-001 
 3.000000e-001  2.867316e-004  3.000000e-001  8.000000e-001 
 3.100000e-001  2.896989e-004  3.100000e-001  8.000000e-001 
 3.200000e-001  2.924829e-004  3.200000e-001  8.000000e-001 
 3.300000e-001  2.951101e-004  3.300000e-001  8.000000e-001 
 3.400000e-001  2.976031e-004  3.400000e-001  8.000000e-001 
 3.500000e-001  2.999816e-004  3.500000e-001  8.000000e-001 
 3.600000e-001  3.022620e-004  3.600000e-001  8.000000e-001 
 3.700000e-001  3.044584e-004  3.700000e-001  8.000000e-001 
 3.800000e-001  3.065825e-004  3.800000e-001  8.000000e-001 
 3.900000e-001  3.086442e-004  3.900000e-001  8.000000e-001 
 4.000000e-001  3.106520e-004  4.000000e-001  8.000000e-001 
 4.100000e-001  3.126129e-004  4.100000e-001  8.000000e-001 
 4.200000e-001  3.145329e-004  4.200000e-001  8.000000e-001 
 4.300000e-001  3.164171e-004  4.300000e-001  8.000000e-001 
 4.400000e-001  3.182699e-004  4.400000e-001  8.000000e-001 
 4.500000e-001  3.200950e-004  4.500000e-001  8.000000e-001 
 4.600000e-001  3.218956e-004  4.600000e-001  8.000000e-001 
 4.700000e-001  3.236745e-004  4.700000e-001  8.000000e-001 
 4.800000e-001  3.254340e-004  4.800000e-001  8.000000e-001 
 4.900000e-001  3.271762e-004  4.900000e-001  8.000000e-001 
 5.000000e-001  3.289030e-004  5.000000e-001  8.000000e-001 
 5.100000e-001  3.306159e-004  5.100000e-001  8.000000e-001 
 5.200000e-001  3.323163e-004  5.200000e-001  8.000000e-001 
 5.300000e-001  3.340055e-004  5.300000e-001  8.000000e-001 
 5.400000e-001  3.356845e-004  5.400000e-001  8.000000e-001 
 5.500000e-001  3.373543e-004  5.500000e-001  8.000000e-001 
 5.600000e-001  3.390157e-004  5.600000e-001  8.000000e-001 
 5.700000e-001  3.406695e-004  5.700000e-001  8.000000e-001 
 5.800000e-001  3.423164e-004  5.800000e-001  8.000000e-001 
 5.900000e-001  3.439570e-004  5.900000e-001  8.000000e-001 
 6.000000e-001  3.455918e-004  6.000000e-001  8.000000e-001 
 6.100000e-001  3.472214e-004  6.100000e-001  8.000000e-001 
 6.200000e-001  3.488462e-004  6.200000e-001  8.000000e-001 
 6.300000e-001  3.504665e-004  6.300000e-001  8.000000e-001 
 6.400000e-001  3.520829e-004  6.400000e-001  8.000000e-001 
 6.500000e-001  3.536955e-004  6.500000e-001  8.000000e-001 
 6.600000e-001  3.553047e-004  6.600000e-001  8.000000e-001 
 6.700000e-001  3.569108e-004  6.700000e-001  8.000000e-001 
 6.800000e-001  3.585141e-004  6.800000e-001  8.000000e-001 
 6.900000e-001  3.601147e-004  6.900000e-001  8.000000e-001 
 7.000000e-001  3.617130e-004  7.000000e-001  8.000000e-001 
 7.100000e-001  3.633092e-004  7.100000e-001  8.000000e-001 
 7.200000e-001  3.649033e-004  7.200000e-001  8.000000e-001 
 7.300000e-001  3.664957e-004  7.300000e-001  8.000000e-001 
 7.400000e-001  3.680865e-004  7.400000e-001  8.000000e-001 
 7.500000e-001  3.696759e-004  7.500000e-001  8.000000e-001 
 7.600000e-001  3.712640e-004  7.600000e-001  8.000000e-001 
 7.700000e-001  3.728511e-004  7.700000e-001  8.000000e-001 
 7.800000e-001  3.744372e-004  7.800000e-001  8.000000e-001 
 7.900000e-001  3.760227e-004  7.900000e-001  8.000000e-001 
 8.000000e-001  3.776076e-004  8.000000e-001  8.000000e-001 
 8.100000e-001  3.791920e-004  8.100000e-001  8.000000e-001 
 8.200000e-001  3.807763e-004  8.200000e-001  8.000000e-001 
 8.300000e-001  3.823606e-004  8.300000e-001  8.000000e-001 
 8.400000e-001  3.839450e-004  8.400000e-001  8.000000e-001 
 8.500000e-001  3.855298e-004  8.500000e-001  8.000000e-001 
 8.600000e-001  3.871151e-004  8.600000e-001  8.000000e-001 
 8.700000e-001  3.887013e-004  8.700000e-001  8.000000e-001 
 8.800000e-001  3.902884e-004  8.800000e-001  8.000000e-001 
 8.900000e-001  3.918768e-004  8.900000e-001  8.000000e-001 
 9.000000e-001  3.934667e-004  9.000000e-001  8.000000e-001 
 9.100000e-001  3.950583e-004  9.100000e-001  8.000000e-001 
 9.200000e-001  3.966520e-004  9.200000e-001  8.000000e-001 
 9.300000e-001  3.982480e-004  9.300000e-001  8.000000e-001 
 9.400000e-001  3.998465e-004  9.400000e-001  8.000000e-001 
 9.500000e-001  4.014481e-004  9.500000e-001  8.000000e-001 
 9.600000e-001  4.030529e-004  9.600000e-001  8.000000e-001 
 9.700000e-001  4.046612e-004  9.700000e-001  8.000000e-001 
 9.800000e-001  4.062736e-004  9.800000e-001  8.000000e-001 
 9.900000e-001  4.078903e-004  9.900000e-001  8.000000e-001 
 1.000000e+000  4.095118e-004  1.000000e+000  8.000000e-001 
 5.000000e-002  8.694123e-005  5.000000e-002  9.000000e-001 
 6.000000e-002  1.029800e-004  6.000000e-002  9.000000e-001 
 7.000000e-002  1.185750e-004  7.000000e-002  9.000000e-001 
 8.000000e-002  1.337289e-004  8.000000e-002  9.000000e-001 
 9.000000e-002  1.484440e-004  9.000000e-002  9.000000e-001 
 1.000000e-001  1.627224e-004  1.000000e-001  9.000000e-001 
 1.100000e-001  1.765660e-004  1.100000e-001  9.000000e-001 
 1.200000e-001  1.899763e-004  1.200000e-001  9.000000e-001 
 1.300000e-001  2.029544e-004  1.300000e-001  9.000000e-001 
 1.400000e-001  2.155008e-004  1.400000e-001  9.000000e-001 
 1.500000e-001  2.276157e-004  1.500000e-001  9.000000e-001 
 1.600000e-001  2.392985e-004  1.600000e-001  9.000000e-001 
 1.700000e-001  2.505482e-004  1.700000e-001  9.000000e-001 
 1.800000e-001  2.613630e-004  1.800000e-001  9.000000e-001 
 1.900000e-001  2.717405e-004  1.900000e-001  9.000000e-001 
 2.000000e-001  2.816777e-004  2.000000e-001  9.000000e-001 
 2.100000e-001  2.911711e-004  2.100000e-001  9.000000e-001 
 2.200000e-001  3.002169e-004  2.200000e-001  9.000000e-001 
 2.300000e-001  3.088112e-004  2.300000e-001  9.000000e-001 
 2.400000e-001  3.169510e-004  2.400000e-001  9.000000e-001 
 2.500000e-001  3.246339e-004  2.500000e-001  9.000000e-001 
 2.600000e-001  3.318600e-004  2.600000e-001  9.000000e-001 
 2.700000e-001  3.386320e-004  2.700000e-001  9.000000e-001 
 2.800000e-001  3.449564e-004  2.800000e-001  9.000000e-001 
 2.900000e-001  3.508446e-004  2.900000e-001  9.000000e-001 
 3.000000e-001  3.563128e-004  3.000000e-001  9.000000e-001 
 3.100000e-001  3.613820e-004  3.100000e-001  9.000000e-001 
 3.200000e-001  3.660780e-004  3.200000e-001  9.000000e-001 
 3.300000e-001  3.704296e-004  3.300000e-001  9.000000e-001 
 3.400000e-001  3.744677e-004  3.400000e-001  9.000000e-001 
 3.500000e-001  3.782239e-004  3.500000e-001  9.000000e-001 
 3.600000e-001  3.817292e-004  3.600000e-001  9.000000e-001 
 3.700000e-001  3.850130e-004  3.700000e-001  9.000000e-001 
 3.800000e-001  3.881024e-004  3.800000e-001  9.000000e-001 
 3.900000e-001  3.910220e-004  3.900000e-001  9.000000e-001 
 4.000000e-001  3.937936e-004  4.000000e-001  9.000000e-001 
 4.100000e-001  3.964365e-004  4.100000e-001  9.000000e-001 
 4.200000e-001  3.989673e-004  4.200000e-001  9.000000e-001 
 4.300000e-001  4.014006e-004  4.300000e-001  9.000000e-001 
 4.400000e-001  4.037488e-004  4.400000e-001  9.000000e-001 
 4.500000e-001  4.060226e-004  4.500000e-001  9.000000e-001 
 4.600000e-001  4.082312e-004  4.600000e-001  9.000000e-001 
 4.700000e-001  4.103826e-004  4.700000e-001  9.000000e-001 
 4.800000e-001  4.124835e-004  4.800000e-001  9.000000e-001 
 4.900000e-001  4.145399e-004  4.900000e-001  9.000000e-001 
 5.000000e-001  4.165567e-004  5.000000e-001  9.000000e-001 
 5.100000e-001  4.185384e-004  5.100000e-001  9.000000e-001 
 5.200000e-001  4.204888e-004  5.200000e-001  9.000000e-001 
 5.300000e-001  4.224112e-004  5.300000e-001  9.000000e-001 
 5.400000e-001  4.243085e-004  5.400000e-001  9.000000e-001 
 5.500000e-001  4.261833e-004  5.500000e-001  9.000000e-001 
 5.600000e-001  4.280377e-004  5.600000e-001  9.000000e-001 
 5.700000e-001  4.298737e-004  5.700000e-001  9.000000e-001 
 5.800000e-001  4.316931e-004  5.800000e-001  9.000000e-001 
 5.900000e-001  4.334974e-004  5.900000e-001  9.000000e-001 
 6.000000e-001  4.352879e-004  6.000000e-001  9.000000e-001 
 6.100000e-001  4.370659e-004  6.100000e-001  9.000000e-001 
 6.200000e-001  4.388325e-004  6.200000e-001  9.000000e-001 
 6.300000e-001  4.405886e-004  6.300000e-001  9.000000e-001 
 6.400000e-001  4.423351e-004  6.400000e-001  9.000000e-001 
 6.500000e-001  4.440728e-004  6.500000e-001  9.000000e-001 
 6.600000e-001  4.458023e-004  6.600000e-001  9.000000e-001 
 6.700000e-001  4.475244e-004  6.700000e-001  9.000000e-001 
 6.800000e-001  4.492397e-004  6.800000e-001  9.000000e-001 
 6.900000e-001  4.509485e-004  6.900000e-001  9.000000e-001 
 7.000000e-001  4.526515e-004  7.000000e-001  9.000000e-001 
 7.100000e-001  4.543491e-004  7.100000e-001  9.000000e-001 
 7.200000e-001  4.560417e-004  7.200000e-001  9.000000e-001 
 7.300000e-001  4.577296e-004  7.300000e-001  9.000000e-001 
 7.400000e-001  4.594132e-004  7.400000e-001  9.000000e-001 
 7.500000e-001  4.610929e-004  7.500000e-001  9.000000e-001 
 7.600000e-001  4.627688e-004  7.600000e-001  9.000000e-001 
 7.700000e-001  4.644414e-004  7.700000e-001  9.000000e-001 
 7.800000e-001  4.661108e-004  7.800000e-001  9.000000e-001 
 7.900000e-001  4.677774e-004  7.900000e-001  9.000000e-001 
 8.000000e-001  4.694414e-004  8.000000e-001  9.000000e-001 
 8.100000e-001  4.711030e-004  8.100000e-001  9.000000e-001 
 8.200000e-001  4.727624e-004  8.200000e-001  9.000000e-001 
 8.300000e-001  4.744199e-004  8.300000e-001  9.000000e-001 
 8.400000e-001  4.760757e-004  8.400000e-001  9.000000e-001 
 8.500000e-001  4.777300e-004  8.500000e-001  9.000000e-001 
 8.600000e-001  4.793831e-004  8.600000e-001  9.000000e-001 
 8.700000e-001  4.810352e-004  8.700000e-001  9.000000e-001 
 8.800000e-001  4.826865e-004  8.800000e-001  9.000000e-001 
 8.900000e-001  4.843373e-004  8.900000e-001  9.000000e-001 
 9.000000e-001  4.859878e-004  9.000000e-001  9.000000e-001 
 9.100000e-001  4.876383e-004  9.100000e-001  9.000000e-001 
 9.200000e-001  4.892890e-004  9.200000e-001  9.000000e-001 
 9.300000e-001  4.909403e-004  9.300000e-001  9.000000e-001 
 9.400000e-001  4.925923e-004  9.400000e-001  9.000000e-001 
 9.500000e-001  4.942456e-004  9.500000e-001  9.000000e-001 
 9.600000e-001  4.959002e-004  9.600000e-001  9.000000e-001 
 9.700000e-001  4.975567e-004  9.700000e-001  9.000000e-001 
 9.800000e-001  4.992153e-004  9.800000e-001  9.000000e-001 
 9.900000e-001  5.008764e-004  9.900000e-001  9.000000e-001 
 1.000000e+000  5.025404e-004  1.000000e+000  9.000000e-001 
 5.000000e-002  9.230174e-005  5.000000e-002  1.000000e+000 
 6.000000e-002  1.095952e-004  6.000000e-002  1.000000e+000 
 7.000000e-002  1.265041e-004  7.000000e-002  1.000000e+000 
 8.000000e-002  1.430304e-004  8.000000e-002  1.000000e+000 
 9.000000e-002  1.591758e-004  9.000000e-002  1.000000e+000 
 1.000000e-001  1.749421e-004  1.000000e-001  1.000000e+000 
 1.100000e-001  1.903309e-004  1.100000e-001  1.000000e+000 
 1.200000e-001  2.053435e-004  1.200000e-001  1.000000e+000 
 1.300000e-001  2.199812e-004  1.300000e-001  1.000000e+000 
 1.400000e-001  2.342449e-004  1.400000e-001  1.000000e+000 
 1.500000e-001  2.481352e-004  1.500000e-001  1.000000e+000 
 1.600000e-001  2.616526e-004  1.600000e-001  1.000000e+000 
 1.700000e-001  2.747969e-004  1.700000e-001  1.000000e+000 
 1.800000e-001  2.875679e-004  1.800000e-001  1.000000e+000 
 1.900000e-001  2.999646e-004  1.900000e-001  1.000000e+000 
 2.000000e-001  3.119858e-004  2.000000e-001  1.000000e+000 
 2.100000e-001  3.236297e-004  2.100000e-001  1.000000e+000 
 2.200000e-001  3.348937e-004  2.200000e-001  1.000000e+000 
 2.300000e-001  3.457749e-004  2.300000e-001  1.000000e+000 
 2.400000e-001  3.562698e-004  2.400000e-001  1.000000e+000 
 2.500000e-001  3.663741e-004  2.500000e-001  1.000000e+000 
 2.600000e-001  3.760833e-004  2.600000e-001  1.000000e+000 
 2.700000e-001  3.853923e-004  2.700000e-001  1.000000e+000 
 2.800000e-001  3.942960e-004  2.800000e-001  1.000000e+000 
 2.900000e-001  4.027896e-004  2.900000e-001  1.000000e+000 
 3.000000e-001  4.108688e-004  3.000000e-001  1.000000e+000 
 3.100000e-001  4.185307e-004  3.100000e-001  1.000000e+000 
 3.200000e-001  4.257743e-004  3.200000e-001  1.000000e+000 
 3.300000e-001  4.326013e-004  3.300000e-001  1.000000e+000 
 3.400000e-001  4.390168e-004  3.400000e-001  1.000000e+000 
 3.500000e-001  4.450297e-004  3.500000e-001  1.000000e+000 
 3.600000e-001  4.506534e-004  3.600000e-001  1.000000e+000 
 3.700000e-001  4.559051e-004  3.700000e-001  1.000000e+000 
 3.800000e-001  4.608057e-004  3.800000e-001  1.000000e+000 
 3.900000e-001  4.653793e-004  3.900000e-001  1.000000e+000 
 4.000000e-001  4.696515e-004  4.000000e-001  1.000000e+000 
 4.100000e-001  4.736491e-004  4.100000e-001  1.000000e+000 
 4.200000e-001  4.773987e-004  4.200000e-001  1.000000e+000 
 4.300000e-001  4.809261e-004  4.300000e-001  1.000000e+000 
 4.400000e-001  4.842556e-004  4.400000e-001  1.000000e+000 
 4.500000e-001  4.874095e-004  4.500000e-001  1.000000e+000 
 4.600000e-001  4.904082e-004  4.600000e-001  1.000000e+000 
 4.700000e-001  4.932701e-004  4.700000e-001  1.000000e+000 
 4.800000e-001  4.960112e-004  4.800000e-001  1.000000e+000 
 4.900000e-001  4.986460e-004  4.900000e-001  1.000000e+000 
 5.000000e-001  5.011869e-004  5.000000e-001  1.000000e+000 
 5.100000e-001  5.036448e-004  5.100000e-001  1.000000e+000 
 5.200000e-001  5.060295e-004  5.200000e-001  1.000000e+000 
 5.300000e-001  5.083490e-004  5.300000e-001  1.000000e+000 
 5.400000e-001  5.106108e-004  5.400000e-001  1.000000e+000 
 5.500000e-001  5.128211e-004  5.500000e-001  1.000000e+000 
 5.600000e-001  5.149855e-004  5.600000e-001  1.000000e+000 
 5.700000e-001  5.171087e-004  5.700000e-001  1.000000e+000 
 5.800000e-001  5.191950e-004  5.800000e-001  1.000000e+000 
 5.900000e-001  5.212482e-004  5.900000e-001  1.000000e+000 
 6.000000e-001  5.232714e-004  6.000000e-001  1.000000e+000 
 6.100000e-001  5.252676e-004  6.100000e-001  1.000000e+000 
 6.200000e-001  5.272392e-004  6.200000e-001  1.000000e+000 
 6.300000e-001  5.291886e-004  6.300000e-001  1.000000e+000 
 6.400000e-001  5.311178e-004  6.400000e-001  1.000000e+000 
 6.500000e-001  5.330285e-004  6.500000e-001  1.000000e+000 
 6.600000e-001  5.349223e-004  6.600000e-001  1.000000e+000 
 6.700000e-001  5.368007e-004  6.700000e-001  1.000000e+000 
 6.800000e-001  5.386649e-004  6.800000e-001  1.000000e+000 
 6.900000e-001  5.405160e-004  6.900000e-001  1.000000e+000 
 7.000000e-001  5.423552e-004  7.000000e-001  1.000000e+000 
 7.100000e-001  5.441833e-004  7.100000e-001  1.000000e+000 
 7.200000e-001  5.460012e-004  7.200000e-001  1.000000e+000 
 7.300000e-001  5.478097e-004  7.300000e-001  1.000000e+000 
 7.400000e-001  5.496094e-004  7.400000e-001  1.000000e+000 
 7.500000e-001  5.514010e-004  7.500000e-001  1.000000e+000 
 7.600000e-001  5.531851e-004  7.600000e-001  1.000000e+000 
 7.700000e-001  5.549622e-004  7.700000e-001  1.000000e+000 
 7.800000e-001  5.567328e-004  7.800000e-001  1.000000e+000 
 7.900000e-001  5.584973e-004  7.900000e-001  1.000000e+000 
 8.000000e-001  5.602563e-004  8.000000e-001  1.000000e+000 
 8.100000e-001  5.620100e-004  8.100000e-001  1.000000e+000 
 8.200000e-001  5.637588e-004  8.200000e-001  1.000000e+000 
 8.300000e-001  5.655032e-004  8.300000e-001  1.000000e+000 
 8.400000e-001  5.672434e-004  8.400000e-001  1.000000e+000 
 8.500000e-001  5.689797e-004  8.500000e-001  1.000000e+000 
 8.600000e-001  5.707125e-004  8.600000e-001  1.000000e+000 
 8.700000e-001  5.724420e-004  8.700000e-001  1.000000e+000 
 8.800000e-001  5.741686e-004  8.800000e-001  1.000000e+000 
 8.900000e-001  5.758924e-004  8.900000e-001  1.000000e+000 
 9.000000e-001  5.776139e-004  9.000000e-001  1.000000e+000 
 9.100000e-001  5.793332e-004  9.100000e-001  1.000000e+000 
 9.200000e-001  5.810507e-004  9.200000e-001  1.000000e+000 
 9.300000e-001  5.827667e-004  9.300000e-001  1.000000e+000 
 9.400000e-001  5.844814e-004  9.400000e-001  1.000000e+000 
 9.500000e-001  5.861951e-004  9.500000e-001  1.000000e+000 
 9.600000e-001  5.879082e-004  9.600000e-001  1.000000e+000 
 9.700000e-001  5.896210e-004  9.700000e-001  1.000000e+000 
 9.800000e-001  5.913338e-004  9.800000e-001  1.000000e+000 
 9.900000e-001  5.930469e-004  9.900000e-001  1.000000e+000 
 1.000000e+000  5.947608e-004  1.000000e+000  1.000000e+000 
