 0.000000e+000  2.429589e-010  0.000000e+000  0.000000e+000 
 1.000000e-002  3.174363e-010  1.000000e-002  1.000000e-002 
 2.000000e-002  4.147156e-010  2.000000e-002  2.000000e-002 
 3.000000e-002  5.417484e-010  3.000000e-002  3.000000e-002 
 4.000000e-002  7.075929e-010  4.000000e-002  4.000000e-002 
 5.000000e-002  9.240465e-010  5.000000e-002  5.000000e-002 
 6.000000e-002  1.206465e-009  6.000000e-002  6.000000e-002 
 7.000000e-002  1.574820e-009  7.000000e-002  7.000000e-002 
 8.000000e-002  2.055073e-009  8.000000e-002  8.000000e-002 
 9.000000e-002  2.680935e-009  9.000000e-002  9.000000e-002 
 1.000000e-001  3.496140e-009  1.000000e-001  1.000000e-001 
 1.100000e-001  4.557364e-009  1.100000e-001  1.100000e-001 
 1.200000e-001  5.937960e-009  1.200000e-001  1.200000e-001 
 1.300000e-001  7.732732e-009  1.300000e-001  1.300000e-001 
 1.400000e-001  1.006401e-008  1.400000e-001  1.400000e-001 
 1.500000e-001  1.308938e-008  1.500000e-001  1.500000e-001 
 1.600000e-001  1.701139e-008  1.600000e-001  1.600000e-001 
 1.700000e-001  2.208984e-008  1.700000e-001  1.700000e-001 
 1.800000e-001  2.865712e-008  1.800000e-001  1.800000e-001 
 1.900000e-001  3.713730e-008  1.900000e-001  1.900000e-001 
 2.000000e-001  4.806972e-008  2.000000e-001  2.000000e-001 
 2.100000e-001  6.213800e-008  2.100000e-001  2.100000e-001 
 2.200000e-001  8.020536e-008  2.200000e-001  2.200000e-001 
 2.300000e-001  1.033573e-007  2.300000e-001  2.300000e-001 
 2.400000e-001  1.329527e-007  2.400000e-001  2.400000e-001 
 2.500000e-001  1.706842e-007  2.500000e-001  2.500000e-001 
 2.600000e-001  2.186494e-007  2.600000e-001  2.600000e-001 
 2.700000e-001  2.794325e-007  2.700000e-001  2.700000e-001 
 2.800000e-001  3.561978e-007  2.800000e-001  2.800000e-001 
 2.900000e-001  4.527953e-007  2.900000e-001  2.900000e-001 
 3.000000e-001  5.738754e-007  3.000000e-001  3.000000e-001 
 3.100000e-001  7.250139e-007  3.100000e-001  3.100000e-001 
 3.200000e-001  9.128402e-007  3.200000e-001  3.200000e-001 
 3.300000e-001  1.145165e-006  3.300000e-001  3.300000e-001 
 3.400000e-001  1.431095e-006  3.400000e-001  3.400000e-001 
 3.500000e-001  1.781119e-006  3.500000e-001  3.500000e-001 
 3.600000e-001  2.207141e-006  3.600000e-001  3.600000e-001 
 3.700000e-001  2.722438e-006  3.700000e-001  3.700000e-001 
 3.800000e-001  3.341488e-006  3.800000e-001  3.800000e-001 
 3.900000e-001  4.079637e-006  3.900000e-001  3.900000e-001 
 4.000000e-001  4.952572e-006  4.000000e-001  4.000000e-001 
 4.100000e-001  5.975551e-006  4.100000e-001  4.100000e-001 
 4.200000e-001  7.162432e-006  4.200000e-001  4.200000e-001 
 4.300000e-001  8.524523e-006  4.300000e-001  4.300000e-001 
 4.400000e-001  1.006938e-005  4.400000e-001  4.400000e-001 
 4.500000e-001  1.179970e-005  4.500000e-001  4.500000e-001 
 4.600000e-001  1.371249e-005  4.600000e-001  4.600000e-001 
 4.700000e-001  1.579868e-005  4.700000e-001  4.700000e-001 
 4.800000e-001  1.804329e-005  4.800000e-001  4.800000e-001 
 4.900000e-001  2.042615e-005  4.900000e-001  4.900000e-001 
 5.000000e-001  2.292304e-005  5.000000e-001  5.000000e-001 
 5.100000e-001  2.550725e-005  5.100000e-001  5.100000e-001 
 5.200000e-001  2.815105e-005  5.200000e-001  5.200000e-001 
 5.300000e-001  3.082721e-005  5.300000e-001  5.300000e-001 
 5.400000e-001  3.351019e-005  5.400000e-001  5.400000e-001 
 5.500000e-001  3.617702e-005  5.500000e-001  5.500000e-001 
 5.600000e-001  3.880784e-005  5.600000e-001  5.600000e-001 
 5.700000e-001  4.138617e-005  5.700000e-001  5.700000e-001 
 5.800000e-001  4.389887e-005  5.800000e-001  5.800000e-001 
 5.900000e-001  4.633594e-005  5.900000e-001  5.900000e-001 
 6.000000e-001  4.869026e-005  6.000000e-001  6.000000e-001 
 6.100000e-001  5.095715e-005  6.100000e-001  6.100000e-001 
 6.200000e-001  5.313404e-005  6.200000e-001  6.200000e-001 
 6.300000e-001  5.522006e-005  6.300000e-001  6.300000e-001 
 6.400000e-001  5.721570e-005  6.400000e-001  6.400000e-001 
 6.500000e-001  5.912251e-005  6.500000e-001  6.500000e-001 
 6.600000e-001  6.094281e-005  6.600000e-001  6.600000e-001 
 6.700000e-001  6.267948e-005  6.700000e-001  6.700000e-001 
 6.800000e-001  6.433578e-005  6.800000e-001  6.800000e-001 
 6.900000e-001  6.591522e-005  6.900000e-001  6.900000e-001 
 7.000000e-001  6.742140e-005  7.000000e-001  7.000000e-001 
 7.100000e-001  6.885799e-005  7.100000e-001  7.100000e-001 
 7.200000e-001  7.022858e-005  7.200000e-001  7.200000e-001 
 7.300000e-001  7.153673e-005  7.300000e-001  7.300000e-001 
 7.400000e-001  7.278583e-005  7.400000e-001  7.400000e-001 
 7.500000e-001  7.397917e-005  7.500000e-001  7.500000e-001 
 7.600000e-001  7.511987e-005  7.600000e-001  7.600000e-001 
 7.700000e-001  7.621089e-005  7.700000e-001  7.700000e-001 
 7.800000e-001  7.725503e-005  7.800000e-001  7.800000e-001 
 7.900000e-001  7.825492e-005  7.900000e-001  7.900000e-001 
 8.000000e-001  7.921305e-005  8.000000e-001  8.000000e-001 
 8.100000e-001  8.013172e-005  8.100000e-001  8.100000e-001 
 8.200000e-001  8.101313e-005  8.200000e-001  8.200000e-001 
 8.300000e-001  8.185930e-005  8.300000e-001  8.300000e-001 
 8.400000e-001  8.267214e-005  8.400000e-001  8.400000e-001 
 8.500000e-001  8.345342e-005  8.500000e-001  8.500000e-001 
 8.600000e-001  8.420483e-005  8.600000e-001  8.600000e-001 
 8.700000e-001  8.492790e-005  8.700000e-001  8.700000e-001 
 8.800000e-001  8.562410e-005  8.800000e-001  8.800000e-001 
 8.900000e-001  8.629478e-005  8.900000e-001  8.900000e-001 
 9.000000e-001  8.694123e-005  9.000000e-001  9.000000e-001 
 9.100000e-001  8.756463e-005  9.100000e-001  9.100000e-001 
 9.200000e-001  8.816610e-005  9.200000e-001  9.200000e-001 
 9.300000e-001  8.874669e-005  9.300000e-001  9.300000e-001 
 9.400000e-001  8.930738e-005  9.400000e-001  9.400000e-001 
 9.500000e-001  8.984911e-005  9.500000e-001  9.500000e-001 
 9.600000e-001  9.037272e-005  9.600000e-001  9.600000e-001 
 9.700000e-001  9.087905e-005  9.700000e-001  9.700000e-001 
 9.800000e-001  9.136885e-005  9.800000e-001  9.800000e-001 
 9.900000e-001  9.184285e-005  9.900000e-001  9.900000e-001 
 1.000000e+000  9.230174e-005  1.000000e+000  1.000000e+000 
 0.000000e+000  9.328258e-009  0.000000e+000  0.000000e+000 
 1.000000e-002  1.212291e-008  1.000000e-002  1.000000e-002 
 2.000000e-002  1.575375e-008  2.000000e-002  2.000000e-002 
 3.000000e-002  2.046626e-008  3.000000e-002  3.000000e-002 
 4.000000e-002  2.657598e-008  4.000000e-002  4.000000e-002 
 5.000000e-002  3.448758e-008  5.000000e-002  5.000000e-002 
 6.000000e-002  4.471872e-008  6.000000e-002  6.000000e-002 
 7.000000e-002  5.792982e-008  7.000000e-002  7.000000e-002 
 8.000000e-002  7.496073e-008  8.000000e-002  8.000000e-002 
 9.000000e-002  9.687594e-008  9.000000e-002  9.000000e-002 
 1.000000e-001  1.250196e-007  1.000000e-001  1.000000e-001 
 1.100000e-001  1.610818e-007  1.100000e-001  1.100000e-001 
 1.200000e-001  2.071789e-007  1.200000e-001  1.200000e-001 
 1.300000e-001  2.659475e-007  1.300000e-001  1.300000e-001 
 1.400000e-001  3.406558e-007  1.400000e-001  1.400000e-001 
 1.500000e-001  4.353328e-007  1.500000e-001  1.500000e-001 
 1.600000e-001  5.549169e-007  1.600000e-001  1.600000e-001 
 1.700000e-001  7.054235e-007  1.700000e-001  1.700000e-001 
 1.800000e-001  8.941335e-007  1.800000e-001  1.800000e-001 
 1.900000e-001  1.129800e-006  1.900000e-001  1.900000e-001 
 2.000000e-001  1.422871e-006  2.000000e-001  2.000000e-001 
 2.100000e-001  1.785725e-006  2.100000e-001  2.100000e-001 
 2.200000e-001  2.232904e-006  2.200000e-001  2.200000e-001 
 2.300000e-001  2.781341e-006  2.300000e-001  2.300000e-001 
 2.400000e-001  3.450546e-006  2.400000e-001  2.400000e-001 
 2.500000e-001  4.262735e-006  2.500000e-001  2.500000e-001 
 2.600000e-001  5.242852e-006  2.600000e-001  2.600000e-001 
 2.700000e-001  6.418440e-006  2.700000e-001  2.700000e-001 
 2.800000e-001  7.819318e-006  2.800000e-001  2.800000e-001 
 2.900000e-001  9.477020e-006  2.900000e-001  2.900000e-001 
 3.000000e-001  1.142397e-005  3.000000e-001  3.000000e-001 
 3.100000e-001  1.369243e-005  3.100000e-001  3.100000e-001 
 3.200000e-001  1.631322e-005  3.200000e-001  3.200000e-001 
 3.300000e-001  1.931434e-005  3.300000e-001  3.300000e-001 
 3.400000e-001  2.271964e-005  3.400000e-001  3.400000e-001 
 3.500000e-001  2.654763e-005  3.500000e-001  3.500000e-001 
 3.600000e-001  3.081050e-005  3.600000e-001  3.600000e-001 
 3.700000e-001  3.551360e-005  3.700000e-001  3.700000e-001 
 3.800000e-001  4.065533e-005  3.800000e-001  3.800000e-001 
 3.900000e-001  4.622739e-005  3.900000e-001  3.900000e-001 
 4.000000e-001  5.221539e-005  4.000000e-001  4.000000e-001 
 4.100000e-001  5.859978e-005  4.100000e-001  4.100000e-001 
 4.200000e-001  6.535688e-005  4.200000e-001  4.200000e-001 
 4.300000e-001  7.246004e-005  4.300000e-001  4.300000e-001 
 4.400000e-001  7.988072e-005  4.400000e-001  4.400000e-001 
 4.500000e-001  8.758950e-005  4.500000e-001  4.500000e-001 
 4.600000e-001  9.555701e-005  4.600000e-001  4.600000e-001 
 4.700000e-001  1.037546e-004  4.700000e-001  4.700000e-001 
 4.800000e-001  1.121548e-004  4.800000e-001  4.800000e-001 
 4.900000e-001  1.207320e-004  4.900000e-001  4.900000e-001 
 5.000000e-001  1.294624e-004  5.000000e-001  5.000000e-001 
 5.100000e-001  1.383243e-004  5.100000e-001  5.100000e-001 
 5.200000e-001  1.472983e-004  5.200000e-001  5.200000e-001 
 5.300000e-001  1.563668e-004  5.300000e-001  5.300000e-001 
 5.400000e-001  1.655145e-004  5.400000e-001  5.400000e-001 
 5.500000e-001  1.747279e-004  5.500000e-001  5.500000e-001 
 5.600000e-001  1.839951e-004  5.600000e-001  5.600000e-001 
 5.700000e-001  1.933060e-004  5.700000e-001  5.700000e-001 
 5.800000e-001  2.026518e-004  5.800000e-001  5.800000e-001 
 5.900000e-001  2.120252e-004  5.900000e-001  5.900000e-001 
 6.000000e-001  2.214197e-004  6.000000e-001  6.000000e-001 
 6.100000e-001  2.308300e-004  6.100000e-001  6.100000e-001 
 6.200000e-001  2.402516e-004  6.200000e-001  6.200000e-001 
 6.300000e-001  2.496808e-004  6.300000e-001  6.300000e-001 
 6.400000e-001  2.591145e-004  6.400000e-001  6.400000e-001 
 6.500000e-001  2.685501e-004  6.500000e-001  6.500000e-001 
 6.600000e-001  2.779854e-004  6.600000e-001  6.600000e-001 
 6.700000e-001  2.874189e-004  6.700000e-001  6.700000e-001 
 6.800000e-001  2.968491e-004  6.800000e-001  6.800000e-001 
 6.900000e-001  3.062748e-004  6.900000e-001  6.900000e-001 
 7.000000e-001  3.156953e-004  7.000000e-001  7.000000e-001 
 7.100000e-001  3.251098e-004  7.100000e-001  7.100000e-001 
 7.200000e-001  3.345177e-004  7.200000e-001  7.200000e-001 
 7.300000e-001  3.439186e-004  7.300000e-001  7.300000e-001 
 7.400000e-001  3.533123e-004  7.400000e-001  7.400000e-001 
 7.500000e-001  3.626984e-004  7.500000e-001  7.500000e-001 
 7.600000e-001  3.720768e-004  7.600000e-001  7.600000e-001 
 7.700000e-001  3.814475e-004  7.700000e-001  7.700000e-001 
 7.800000e-001  3.908102e-004  7.800000e-001  7.800000e-001 
 7.900000e-001  4.001650e-004  7.900000e-001  7.900000e-001 
 8.000000e-001  4.095118e-004  8.000000e-001  8.000000e-001 
 8.100000e-001  4.188506e-004  8.100000e-001  8.100000e-001 
 8.200000e-001  4.281814e-004  8.200000e-001  8.200000e-001 
 8.300000e-001  4.375042e-004  8.300000e-001  8.300000e-001 
 8.400000e-001  4.468191e-004  8.400000e-001  8.400000e-001 
 8.500000e-001  4.561259e-004  8.500000e-001  8.500000e-001 
 8.600000e-001  4.654248e-004  8.600000e-001  8.600000e-001 
 8.700000e-001  4.747157e-004  8.700000e-001  8.700000e-001 
 8.800000e-001  4.839986e-004  8.800000e-001  8.800000e-001 
 8.900000e-001  4.932735e-004  8.900000e-001  8.900000e-001 
 9.000000e-001  5.025404e-004  9.000000e-001  9.000000e-001 
 9.100000e-001  5.117992e-004  9.100000e-001  9.100000e-001 
 9.200000e-001  5.210500e-004  9.200000e-001  9.200000e-001 
 9.300000e-001  5.302928e-004  9.300000e-001  9.300000e-001 
 9.400000e-001  5.395273e-004  9.400000e-001  9.400000e-001 
 9.500000e-001  5.487537e-004  9.500000e-001  9.500000e-001 
 9.600000e-001  5.579719e-004  9.600000e-001  9.600000e-001 
 9.700000e-001  5.671817e-004  9.700000e-001  9.700000e-001 
 9.800000e-001  5.763832e-004  9.800000e-001  9.800000e-001 
 9.900000e-001  5.855763e-004  9.900000e-001  9.900000e-001 
 1.000000e+000  5.947608e-004  1.000000e+000  1.000000e+000 
