 0.000000e+000  0.000000e+000  0.000000e+000  0.000000e+000  0.000000e+000  9.564516e-004 
 1.000000e-002  1.000000e-002  1.000000e-002  0.000000e+000  1.000000e-002  9.521918e-004 
 2.000000e-002  2.000000e-002  2.000000e-002  0.000000e+000  2.000000e-002  9.479563e-004 
 3.000000e-002  3.000000e-002  3.000000e-002  0.000000e+000  3.000000e-002  9.437234e-004 
 4.000000e-002  4.000000e-002  4.000000e-002  0.000000e+000  4.000000e-002  9.394977e-004 
 5.000000e-002  5.000000e-002  5.000000e-002  0.000000e+000  5.000000e-002  9.352773e-004 
 6.000000e-002  6.000000e-002  6.000000e-002  0.000000e+000  6.000000e-002  9.310604e-004 
 7.000000e-002  7.000000e-002  7.000000e-002  0.000000e+000  7.000000e-002  9.268456e-004 
 8.000000e-002  8.000000e-002  8.000000e-002  0.000000e+000  8.000000e-002  9.226315e-004 
 9.000000e-002  9.000000e-002  9.000000e-002  0.000000e+000  9.000000e-002  9.184169e-004 
 1.000000e-001  1.000000e-001  1.000000e-001  0.000000e+000  1.000000e-001  9.142004e-004 
 1.100000e-001  1.100000e-001  1.100000e-001  0.000000e+000  1.100000e-001  9.099811e-004 
 1.200000e-001  1.200000e-001  1.200000e-001  0.000000e+000  1.200000e-001  9.057580e-004 
 1.300000e-001  1.300000e-001  1.300000e-001  0.000000e+000  1.300000e-001  9.015301e-004 
 1.400000e-001  1.400000e-001  1.400000e-001  0.000000e+000  1.400000e-001  8.972965e-004 
 1.500000e-001  1.500000e-001  1.500000e-001  0.000000e+000  1.500000e-001  8.930563e-004 
 1.600000e-001  1.600000e-001  1.600000e-001  0.000000e+000  1.600000e-001  8.888086e-004 
 1.700000e-001  1.700000e-001  1.700000e-001  0.000000e+000  1.700000e-001  8.845528e-004 
 1.800000e-001  1.800000e-001  1.800000e-001  0.000000e+000  1.800000e-001  8.802877e-004 
 1.900000e-001  1.900000e-001  1.900000e-001  0.000000e+000  1.900000e-001  8.760127e-004 
 2.000000e-001  2.000000e-001  2.000000e-001  0.000000e+000  2.000000e-001  8.717268e-004 
 2.100000e-001  2.100000e-001  2.100000e-001  0.000000e+000  2.100000e-001  8.674290e-004 
 2.200000e-001  2.200000e-001  2.200000e-001  0.000000e+000  2.200000e-001  8.631184e-004 
 2.300000e-001  2.300000e-001  2.300000e-001  0.000000e+000  2.300000e-001  8.587939e-004 
 2.400000e-001  2.400000e-001  2.400000e-001  0.000000e+000  2.400000e-001  8.544543e-004 
 2.500000e-001  2.500000e-001  2.500000e-001  0.000000e+000  2.500000e-001  8.500985e-004 
 2.600000e-001  2.600000e-001  2.600000e-001  0.000000e+000  2.600000e-001  8.457250e-004 
 2.700000e-001  2.700000e-001  2.700000e-001  0.000000e+000  2.700000e-001  8.413325e-004 
 2.800000e-001  2.800000e-001  2.800000e-001  0.000000e+000  2.800000e-001  8.369193e-004 
 2.900000e-001  2.900000e-001  2.900000e-001  0.000000e+000  2.900000e-001  8.324838e-004 
 3.000000e-001  3.000000e-001  3.000000e-001  0.000000e+000  3.000000e-001  8.280241e-004 
 3.100000e-001  3.100000e-001  3.100000e-001  0.000000e+000  3.100000e-001  8.235381e-004 
 3.200000e-001  3.200000e-001  3.200000e-001  0.000000e+000  3.200000e-001  8.190235e-004 
 3.300000e-001  3.300000e-001  3.300000e-001  0.000000e+000  3.300000e-001  8.144778e-004 
 3.400000e-001  3.400000e-001  3.400000e-001  0.000000e+000  3.400000e-001  8.098983e-004 
 3.500000e-001  3.500000e-001  3.500000e-001  0.000000e+000  3.500000e-001  8.052819e-004 
 3.600000e-001  3.600000e-001  3.600000e-001  0.000000e+000  3.600000e-001  8.006253e-004 
 3.700000e-001  3.700000e-001  3.700000e-001  0.000000e+000  3.700000e-001  7.959245e-004 
 3.800000e-001  3.800000e-001  3.800000e-001  0.000000e+000  3.800000e-001  7.911756e-004 
 3.900000e-001  3.900000e-001  3.900000e-001  0.000000e+000  3.900000e-001  7.863737e-004 
 4.000000e-001  4.000000e-001  4.000000e-001  0.000000e+000  4.000000e-001  7.815138e-004 
 4.100000e-001  4.100000e-001  4.100000e-001  0.000000e+000  4.100000e-001  7.765900e-004 
 4.200000e-001  4.200000e-001  4.200000e-001  0.000000e+000  4.200000e-001  7.715958e-004 
 4.300000e-001  4.300000e-001  4.300000e-001  0.000000e+000  4.300000e-001  7.665241e-004 
 4.400000e-001  4.400000e-001  4.400000e-001  0.000000e+000  4.400000e-001  7.613668e-004 
 4.500000e-001  4.500000e-001  4.500000e-001  0.000000e+000  4.500000e-001  7.561148e-004 
 4.600000e-001  4.600000e-001  4.600000e-001  0.000000e+000  4.600000e-001  7.507581e-004 
 4.700000e-001  4.700000e-001  4.700000e-001  0.000000e+000  4.700000e-001  7.452855e-004 
 4.800000e-001  4.800000e-001  4.800000e-001  0.000000e+000  4.800000e-001  7.396847e-004 
 4.900000e-001  4.900000e-001  4.900000e-001  0.000000e+000  4.900000e-001  7.339420e-004 
 5.000000e-001  5.000000e-001  5.000000e-001  0.000000e+000  5.000000e-001  7.280424e-004 
 5.100000e-001  5.100000e-001  5.100000e-001  0.000000e+000  5.100000e-001  7.219698e-004 
 5.200000e-001  5.200000e-001  5.200000e-001  0.000000e+000  5.200000e-001  7.157066e-004 
 5.300000e-001  5.300000e-001  5.300000e-001  0.000000e+000  5.300000e-001  7.092345e-004 
 5.400000e-001  5.400000e-001  5.400000e-001  0.000000e+000  5.400000e-001  7.025340e-004 
 5.500000e-001  5.500000e-001  5.500000e-001  0.000000e+000  5.500000e-001  6.955855e-004 
 5.600000e-001  5.600000e-001  5.600000e-001  0.000000e+000  5.600000e-001  6.883692e-004 
 5.700000e-001  5.700000e-001  5.700000e-001  0.000000e+000  5.700000e-001  6.808658e-004 
 5.800000e-001  5.800000e-001  5.800000e-001  0.000000e+000  5.800000e-001  6.730572e-004 
 5.900000e-001  5.900000e-001  5.900000e-001  0.000000e+000  5.900000e-001  6.649266e-004 
 6.000000e-001  6.000000e-001  6.000000e-001  0.000000e+000  6.000000e-001  6.564593e-004 
 6.100000e-001  6.100000e-001  6.100000e-001  0.000000e+000  6.100000e-001  6.476428e-004 
 6.200000e-001  6.200000e-001  6.200000e-001  0.000000e+000  6.200000e-001  6.384668e-004 
 6.300000e-001  6.300000e-001  6.300000e-001  0.000000e+000  6.300000e-001  6.289233e-004 
 6.400000e-001  6.400000e-001  6.400000e-001  0.000000e+000  6.400000e-001  6.190064e-004 
 6.500000e-001  6.500000e-001  6.500000e-001  0.000000e+000  6.500000e-001  6.087119e-004 
 6.600000e-001  6.600000e-001  6.600000e-001  0.000000e+000  6.600000e-001  5.980370e-004 
 6.700000e-001  6.700000e-001  6.700000e-001  0.000000e+000  6.700000e-001  5.869798e-004 
 6.800000e-001  6.800000e-001  6.800000e-001  0.000000e+000  6.800000e-001  5.755393e-004 
 6.900000e-001  6.900000e-001  6.900000e-001  0.000000e+000  6.900000e-001  5.637150e-004 
 7.000000e-001  7.000000e-001  7.000000e-001  0.000000e+000  7.000000e-001  5.515064e-004 
 7.100000e-001  7.100000e-001  7.100000e-001  0.000000e+000  7.100000e-001  5.389131e-004 
 7.200000e-001  7.200000e-001  7.200000e-001  0.000000e+000  7.200000e-001  5.259349e-004 
 7.300000e-001  7.300000e-001  7.300000e-001  0.000000e+000  7.300000e-001  5.125712e-004 
 7.400000e-001  7.400000e-001  7.400000e-001  0.000000e+000  7.400000e-001  4.988214e-004 
 7.500000e-001  7.500000e-001  7.500000e-001  0.000000e+000  7.500000e-001  4.846846e-004 
 7.600000e-001  7.600000e-001  7.600000e-001  0.000000e+000  7.600000e-001  4.701599e-004 
 7.700000e-001  7.700000e-001  7.700000e-001  0.000000e+000  7.700000e-001  4.552460e-004 
 7.800000e-001  7.800000e-001  7.800000e-001  0.000000e+000  7.800000e-001  4.399416e-004 
 7.900000e-001  7.900000e-001  7.900000e-001  0.000000e+000  7.900000e-001  4.242449e-004 
 8.000000e-001  8.000000e-001  8.000000e-001  0.000000e+000  8.000000e-001  4.081544e-004 
 8.100000e-001  8.100000e-001  8.100000e-001  0.000000e+000  8.100000e-001  3.916681e-004 
 8.200000e-001  8.200000e-001  8.200000e-001  0.000000e+000  8.200000e-001  3.747841e-004 
 8.300000e-001  8.300000e-001  8.300000e-001  0.000000e+000  8.300000e-001  3.575001e-004 
 8.400000e-001  8.400000e-001  8.400000e-001  0.000000e+000  8.400000e-001  3.398140e-004 
 8.500000e-001  8.500000e-001  8.500000e-001  0.000000e+000  8.500000e-001  3.217234e-004 
 8.600000e-001  8.600000e-001  8.600000e-001  0.000000e+000  8.600000e-001  3.032258e-004 
 8.700000e-001  8.700000e-001  8.700000e-001  0.000000e+000  8.700000e-001  2.843188e-004 
 8.800000e-001  8.800000e-001  8.800000e-001  0.000000e+000  8.800000e-001  2.649998e-004 
 8.900000e-001  8.900000e-001  8.900000e-001  0.000000e+000  8.900000e-001  2.452661e-004 
 9.000000e-001  9.000000e-001  9.000000e-001  0.000000e+000  9.000000e-001  2.251149e-004 
 9.100000e-001  9.100000e-001  9.100000e-001  0.000000e+000  9.100000e-001  2.045434e-004 
 9.200000e-001  9.200000e-001  9.200000e-001  0.000000e+000  9.200000e-001  1.835489e-004 
 9.300000e-001  9.300000e-001  9.300000e-001  0.000000e+000  9.300000e-001  1.621283e-004 
 9.400000e-001  9.400000e-001  9.400000e-001  0.000000e+000  9.400000e-001  1.402788e-004 
 9.500000e-001  9.500000e-001  9.500000e-001  0.000000e+000  9.500000e-001  1.179972e-004 
 0.000000e+000  0.000000e+000  0.000000e+000  1.000000e-001  0.000000e+000  7.890377e-004 
 1.000000e-002  1.000000e-002  1.000000e-002  1.000000e-001  1.000000e-002  7.849236e-004 
 2.000000e-002  2.000000e-002  2.000000e-002  1.000000e-001  2.000000e-002  7.808651e-004 
 3.000000e-002  3.000000e-002  3.000000e-002  1.000000e-001  3.000000e-002  7.768158e-004 
 4.000000e-002  4.000000e-002  4.000000e-002  1.000000e-001  4.000000e-002  7.727874e-004 
 5.000000e-002  5.000000e-002  5.000000e-002  1.000000e-001  5.000000e-002  7.687773e-004 
 6.000000e-002  6.000000e-002  6.000000e-002  1.000000e-001  6.000000e-002  7.647830e-004 
 7.000000e-002  7.000000e-002  7.000000e-002  1.000000e-001  7.000000e-002  7.608024e-004 
 8.000000e-002  8.000000e-002  8.000000e-002  1.000000e-001  8.000000e-002  7.568335e-004 
 9.000000e-002  9.000000e-002  9.000000e-002  1.000000e-001  9.000000e-002  7.528745e-004 
 1.000000e-001  1.000000e-001  1.000000e-001  1.000000e-001  1.000000e-001  7.489237e-004 
 1.100000e-001  1.100000e-001  1.100000e-001  1.000000e-001  1.100000e-001  7.449797e-004 
 1.200000e-001  1.200000e-001  1.200000e-001  1.000000e-001  1.200000e-001  7.410411e-004 
 1.300000e-001  1.300000e-001  1.300000e-001  1.000000e-001  1.300000e-001  7.371066e-004 
 1.400000e-001  1.400000e-001  1.400000e-001  1.000000e-001  1.400000e-001  7.331752e-004 
 1.500000e-001  1.500000e-001  1.500000e-001  1.000000e-001  1.500000e-001  7.292458e-004 
 1.600000e-001  1.600000e-001  1.600000e-001  1.000000e-001  1.600000e-001  7.253175e-004 
 1.700000e-001  1.700000e-001  1.700000e-001  1.000000e-001  1.700000e-001  7.213894e-004 
 1.800000e-001  1.800000e-001  1.800000e-001  1.000000e-001  1.800000e-001  7.174608e-004 
 1.900000e-001  1.900000e-001  1.900000e-001  1.000000e-001  1.900000e-001  7.135309e-004 
 2.000000e-001  2.000000e-001  2.000000e-001  1.000000e-001  2.000000e-001  7.095991e-004 
 2.100000e-001  2.100000e-001  2.100000e-001  1.000000e-001  2.100000e-001  7.056645e-004 
 2.200000e-001  2.200000e-001  2.200000e-001  1.000000e-001  2.200000e-001  7.017267e-004 
 2.300000e-001  2.300000e-001  2.300000e-001  1.000000e-001  2.300000e-001  6.977849e-004 
 2.400000e-001  2.400000e-001  2.400000e-001  1.000000e-001  2.400000e-001  6.938385e-004 
 2.500000e-001  2.500000e-001  2.500000e-001  1.000000e-001  2.500000e-001  6.898869e-004 
 2.600000e-001  2.600000e-001  2.600000e-001  1.000000e-001  2.600000e-001  6.859294e-004 
 2.700000e-001  2.700000e-001  2.700000e-001  1.000000e-001  2.700000e-001  6.819652e-004 
 2.800000e-001  2.800000e-001  2.800000e-001  1.000000e-001  2.800000e-001  6.779937e-004 
 2.900000e-001  2.900000e-001  2.900000e-001  1.000000e-001  2.900000e-001  6.740140e-004 
 3.000000e-001  3.000000e-001  3.000000e-001  1.000000e-001  3.000000e-001  6.700252e-004 
 3.100000e-001  3.100000e-001  3.100000e-001  1.000000e-001  3.100000e-001  6.660266e-004 
 3.200000e-001  3.200000e-001  3.200000e-001  1.000000e-001  3.200000e-001  6.620170e-004 
 3.300000e-001  3.300000e-001  3.300000e-001  1.000000e-001  3.300000e-001  6.579954e-004 
 3.400000e-001  3.400000e-001  3.400000e-001  1.000000e-001  3.400000e-001  6.539606e-004 
 3.500000e-001  3.500000e-001  3.500000e-001  1.000000e-001  3.500000e-001  6.499114e-004 
 3.600000e-001  3.600000e-001  3.600000e-001  1.000000e-001  3.600000e-001  6.458462e-004 
 3.700000e-001  3.700000e-001  3.700000e-001  1.000000e-001  3.700000e-001  6.417636e-004 
 3.800000e-001  3.800000e-001  3.800000e-001  1.000000e-001  3.800000e-001  6.376617e-004 
 3.900000e-001  3.900000e-001  3.900000e-001  1.000000e-001  3.900000e-001  6.335388e-004 
 4.000000e-001  4.000000e-001  4.000000e-001  1.000000e-001  4.000000e-001  6.293926e-004 
 4.100000e-001  4.100000e-001  4.100000e-001  1.000000e-001  4.100000e-001  6.252209e-004 
 4.200000e-001  4.200000e-001  4.200000e-001  1.000000e-001  4.200000e-001  6.210210e-004 
 4.300000e-001  4.300000e-001  4.300000e-001  1.000000e-001  4.300000e-001  6.167900e-004 
 4.400000e-001  4.400000e-001  4.400000e-001  1.000000e-001  4.400000e-001  6.125246e-004 
 4.500000e-001  4.500000e-001  4.500000e-001  1.000000e-001  4.500000e-001  6.082212e-004 
 4.600000e-001  4.600000e-001  4.600000e-001  1.000000e-001  4.600000e-001  6.038756e-004 
 4.700000e-001  4.700000e-001  4.700000e-001  1.000000e-001  4.700000e-001  5.994833e-004 
 4.800000e-001  4.800000e-001  4.800000e-001  1.000000e-001  4.800000e-001  5.950389e-004 
 4.900000e-001  4.900000e-001  4.900000e-001  1.000000e-001  4.900000e-001  5.905367e-004 
 5.000000e-001  5.000000e-001  5.000000e-001  1.000000e-001  5.000000e-001  5.859700e-004 
 5.100000e-001  5.100000e-001  5.100000e-001  1.000000e-001  5.100000e-001  5.813313e-004 
 5.200000e-001  5.200000e-001  5.200000e-001  1.000000e-001  5.200000e-001  5.766120e-004 
 5.300000e-001  5.300000e-001  5.300000e-001  1.000000e-001  5.300000e-001  5.718026e-004 
 5.400000e-001  5.400000e-001  5.400000e-001  1.000000e-001  5.400000e-001  5.668922e-004 
 5.500000e-001  5.500000e-001  5.500000e-001  1.000000e-001  5.500000e-001  5.618686e-004 
 5.600000e-001  5.600000e-001  5.600000e-001  1.000000e-001  5.600000e-001  5.567182e-004 
 5.700000e-001  5.700000e-001  5.700000e-001  1.000000e-001  5.700000e-001  5.514256e-004 
 5.800000e-001  5.800000e-001  5.800000e-001  1.000000e-001  5.800000e-001  5.459741e-004 
 5.900000e-001  5.900000e-001  5.900000e-001  1.000000e-001  5.900000e-001  5.403454e-004 
 6.000000e-001  6.000000e-001  6.000000e-001  1.000000e-001  6.000000e-001  5.345195e-004 
 6.100000e-001  6.100000e-001  6.100000e-001  1.000000e-001  6.100000e-001  5.284754e-004 
 6.200000e-001  6.200000e-001  6.200000e-001  1.000000e-001  6.200000e-001  5.221914e-004 
 6.300000e-001  6.300000e-001  6.300000e-001  1.000000e-001  6.300000e-001  5.156453e-004 
 6.400000e-001  6.400000e-001  6.400000e-001  1.000000e-001  6.400000e-001  5.088153e-004 
 6.500000e-001  6.500000e-001  6.500000e-001  1.000000e-001  6.500000e-001  5.016804e-004 
 6.600000e-001  6.600000e-001  6.600000e-001  1.000000e-001  6.600000e-001  4.942213e-004 
 6.700000e-001  6.700000e-001  6.700000e-001  1.000000e-001  6.700000e-001  4.864209e-004 
 6.800000e-001  6.800000e-001  6.800000e-001  1.000000e-001  6.800000e-001  4.782643e-004 
 6.900000e-001  6.900000e-001  6.900000e-001  1.000000e-001  6.900000e-001  4.697391e-004 
 7.000000e-001  7.000000e-001  7.000000e-001  1.000000e-001  7.000000e-001  4.608353e-004 
 7.100000e-001  7.100000e-001  7.100000e-001  1.000000e-001  7.100000e-001  4.515453e-004 
 7.200000e-001  7.200000e-001  7.200000e-001  1.000000e-001  7.200000e-001  4.418629e-004 
 7.300000e-001  7.300000e-001  7.300000e-001  1.000000e-001  7.300000e-001  4.317836e-004 
 7.400000e-001  7.400000e-001  7.400000e-001  1.000000e-001  7.400000e-001  4.213039e-004 
 7.500000e-001  7.500000e-001  7.500000e-001  1.000000e-001  7.500000e-001  4.104209e-004 
 7.600000e-001  7.600000e-001  7.600000e-001  1.000000e-001  7.600000e-001  3.991322e-004 
 7.700000e-001  7.700000e-001  7.700000e-001  1.000000e-001  7.700000e-001  3.874357e-004 
 7.800000e-001  7.800000e-001  7.800000e-001  1.000000e-001  7.800000e-001  3.753293e-004 
 7.900000e-001  7.900000e-001  7.900000e-001  1.000000e-001  7.900000e-001  3.628110e-004 
 8.000000e-001  8.000000e-001  8.000000e-001  1.000000e-001  8.000000e-001  3.498786e-004 
 8.100000e-001  8.100000e-001  8.100000e-001  1.000000e-001  8.100000e-001  3.365300e-004 
 8.200000e-001  8.200000e-001  8.200000e-001  1.000000e-001  8.200000e-001  3.227627e-004 
 8.300000e-001  8.300000e-001  8.300000e-001  1.000000e-001  8.300000e-001  3.085744e-004 
 8.400000e-001  8.400000e-001  8.400000e-001  1.000000e-001  8.400000e-001  2.939624e-004 
 8.500000e-001  8.500000e-001  8.500000e-001  1.000000e-001  8.500000e-001  2.789241e-004 
 8.600000e-001  8.600000e-001  8.600000e-001  1.000000e-001  8.600000e-001  2.634564e-004 
 8.700000e-001  8.700000e-001  8.700000e-001  1.000000e-001  8.700000e-001  2.475565e-004 
 8.800000e-001  8.800000e-001  8.800000e-001  1.000000e-001  8.800000e-001  2.312213e-004 
 8.900000e-001  8.900000e-001  8.900000e-001  1.000000e-001  8.900000e-001  2.144477e-004 
 9.000000e-001  9.000000e-001  9.000000e-001  1.000000e-001  9.000000e-001  1.972322e-004 
 9.100000e-001  9.100000e-001  9.100000e-001  1.000000e-001  9.100000e-001  1.795717e-004 
 9.200000e-001  9.200000e-001  9.200000e-001  1.000000e-001  9.200000e-001  1.614625e-004 
 9.300000e-001  9.300000e-001  9.300000e-001  1.000000e-001  9.300000e-001  1.429012e-004 
 9.400000e-001  9.400000e-001  9.400000e-001  1.000000e-001  9.400000e-001  1.238842e-004 
 9.500000e-001  9.500000e-001  9.500000e-001  1.000000e-001  9.500000e-001  1.044077e-004 
 0.000000e+000  0.000000e+000  0.000000e+000  2.000000e-001  0.000000e+000  6.227857e-004 
 1.000000e-002  1.000000e-002  1.000000e-002  2.000000e-001  1.000000e-002  6.187804e-004 
 2.000000e-002  2.000000e-002  2.000000e-002  2.000000e-001  2.000000e-002  6.148636e-004 
 3.000000e-002  3.000000e-002  3.000000e-002  2.000000e-001  3.000000e-002  6.109632e-004 
 4.000000e-002  4.000000e-002  4.000000e-002  2.000000e-001  4.000000e-002  6.070986e-004 
 5.000000e-002  5.000000e-002  5.000000e-002  2.000000e-001  5.000000e-002  6.032666e-004 
 6.000000e-002  6.000000e-002  6.000000e-002  2.000000e-001  6.000000e-002  5.994640e-004 
 7.000000e-002  7.000000e-002  7.000000e-002  2.000000e-001  7.000000e-002  5.956881e-004 
 8.000000e-002  8.000000e-002  8.000000e-002  2.000000e-001  8.000000e-002  5.919362e-004 
 9.000000e-002  9.000000e-002  9.000000e-002  2.000000e-001  9.000000e-002  5.882060e-004 
 1.000000e-001  1.000000e-001  1.000000e-001  2.000000e-001  1.000000e-001  5.844952e-004 
 1.100000e-001  1.100000e-001  1.100000e-001  2.000000e-001  1.100000e-001  5.808019e-004 
 1.200000e-001  1.200000e-001  1.200000e-001  2.000000e-001  1.200000e-001  5.771241e-004 
 1.300000e-001  1.300000e-001  1.300000e-001  2.000000e-001  1.300000e-001  5.734601e-004 
 1.400000e-001  1.400000e-001  1.400000e-001  2.000000e-001  1.400000e-001  5.698085e-004 
 1.500000e-001  1.500000e-001  1.500000e-001  2.000000e-001  1.500000e-001  5.661678e-004 
 1.600000e-001  1.600000e-001  1.600000e-001  2.000000e-001  1.600000e-001  5.625367e-004 
 1.700000e-001  1.700000e-001  1.700000e-001  2.000000e-001  1.700000e-001  5.589141e-004 
 1.800000e-001  1.800000e-001  1.800000e-001  2.000000e-001  1.800000e-001  5.552990e-004 
 1.900000e-001  1.900000e-001  1.900000e-001  2.000000e-001  1.900000e-001  5.516905e-004 
 2.000000e-001  2.000000e-001  2.000000e-001  2.000000e-001  2.000000e-001  5.480876e-004 
 2.100000e-001  2.100000e-001  2.100000e-001  2.000000e-001  2.100000e-001  5.444897e-004 
 2.200000e-001  2.200000e-001  2.200000e-001  2.000000e-001  2.200000e-001  5.408960e-004 
 2.300000e-001  2.300000e-001  2.300000e-001  2.000000e-001  2.300000e-001  5.373060e-004 
 2.400000e-001  2.400000e-001  2.400000e-001  2.000000e-001  2.400000e-001  5.337190e-004 
 2.500000e-001  2.500000e-001  2.500000e-001  2.000000e-001  2.500000e-001  5.301346e-004 
 2.600000e-001  2.600000e-001  2.600000e-001  2.000000e-001  2.600000e-001  5.265521e-004 
 2.700000e-001  2.700000e-001  2.700000e-001  2.000000e-001  2.700000e-001  5.229713e-004 
 2.800000e-001  2.800000e-001  2.800000e-001  2.000000e-001  2.800000e-001  5.193916e-004 
 2.900000e-001  2.900000e-001  2.900000e-001  2.000000e-001  2.900000e-001  5.158125e-004 
 3.000000e-001  3.000000e-001  3.000000e-001  2.000000e-001  3.000000e-001  5.122337e-004 
 3.100000e-001  3.100000e-001  3.100000e-001  2.000000e-001  3.100000e-001  5.086548e-004 
 3.200000e-001  3.200000e-001  3.200000e-001  2.000000e-001  3.200000e-001  5.050752e-004 
 3.300000e-001  3.300000e-001  3.300000e-001  2.000000e-001  3.300000e-001  5.014945e-004 
 3.400000e-001  3.400000e-001  3.400000e-001  2.000000e-001  3.400000e-001  4.979123e-004 
 3.500000e-001  3.500000e-001  3.500000e-001  2.000000e-001  3.500000e-001  4.943279e-004 
 3.600000e-001  3.600000e-001  3.600000e-001  2.000000e-001  3.600000e-001  4.907409e-004 
 3.700000e-001  3.700000e-001  3.700000e-001  2.000000e-001  3.700000e-001  4.871506e-004 
 3.800000e-001  3.800000e-001  3.800000e-001  2.000000e-001  3.800000e-001  4.835565e-004 
 3.900000e-001  3.900000e-001  3.900000e-001  2.000000e-001  3.900000e-001  4.799577e-004 
 4.000000e-001  4.000000e-001  4.000000e-001  2.000000e-001  4.000000e-001  4.763535e-004 
 4.100000e-001  4.100000e-001  4.100000e-001  2.000000e-001  4.100000e-001  4.727431e-004 
 4.200000e-001  4.200000e-001  4.200000e-001  2.000000e-001  4.200000e-001  4.691255e-004 
 4.300000e-001  4.300000e-001  4.300000e-001  2.000000e-001  4.300000e-001  4.654997e-004 
 4.400000e-001  4.400000e-001  4.400000e-001  2.000000e-001  4.400000e-001  4.618644e-004 
 4.500000e-001  4.500000e-001  4.500000e-001  2.000000e-001  4.500000e-001  4.582186e-004 
 4.600000e-001  4.600000e-001  4.600000e-001  2.000000e-001  4.600000e-001  4.545606e-004 
 4.700000e-001  4.700000e-001  4.700000e-001  2.000000e-001  4.700000e-001  4.508890e-004 
 4.800000e-001  4.800000e-001  4.800000e-001  2.000000e-001  4.800000e-001  4.472019e-004 
 4.900000e-001  4.900000e-001  4.900000e-001  2.000000e-001  4.900000e-001  4.434973e-004 
 5.000000e-001  5.000000e-001  5.000000e-001  2.000000e-001  5.000000e-001  4.397731e-004 
 5.100000e-001  5.100000e-001  5.100000e-001  2.000000e-001  5.100000e-001  4.360266e-004 
 5.200000e-001  5.200000e-001  5.200000e-001  2.000000e-001  5.200000e-001  4.322550e-004 
 5.300000e-001  5.300000e-001  5.300000e-001  2.000000e-001  5.300000e-001  4.284551e-004 
 5.400000e-001  5.400000e-001  5.400000e-001  2.000000e-001  5.400000e-001  4.246231e-004 
 5.500000e-001  5.500000e-001  5.500000e-001  2.000000e-001  5.500000e-001  4.207548e-004 
 5.600000e-001  5.600000e-001  5.600000e-001  2.000000e-001  5.600000e-001  4.168453e-004 
 5.700000e-001  5.700000e-001  5.700000e-001  2.000000e-001  5.700000e-001  4.128893e-004 
 5.800000e-001  5.800000e-001  5.800000e-001  2.000000e-001  5.800000e-001  4.088802e-004 
 5.900000e-001  5.900000e-001  5.900000e-001  2.000000e-001  5.900000e-001  4.048108e-004 
 6.000000e-001  6.000000e-001  6.000000e-001  2.000000e-001  6.000000e-001  4.006726e-004 
 6.100000e-001  6.100000e-001  6.100000e-001  2.000000e-001  6.100000e-001  3.964560e-004 
 6.200000e-001  6.200000e-001  6.200000e-001  2.000000e-001  6.200000e-001  3.921497e-004 
 6.300000e-001  6.300000e-001  6.300000e-001  2.000000e-001  6.300000e-001  3.877411e-004 
 6.400000e-001  6.400000e-001  6.400000e-001  2.000000e-001  6.400000e-001  3.832156e-004 
 6.500000e-001  6.500000e-001  6.500000e-001  2.000000e-001  6.500000e-001  3.785565e-004 
 6.600000e-001  6.600000e-001  6.600000e-001  2.000000e-001  6.600000e-001  3.737453e-004 
 6.700000e-001  6.700000e-001  6.700000e-001  2.000000e-001  6.700000e-001  3.687614e-004 
 6.800000e-001  6.800000e-001  6.800000e-001  2.000000e-001  6.800000e-001  3.635824e-004 
 6.900000e-001  6.900000e-001  6.900000e-001  2.000000e-001  6.900000e-001  3.581843e-004 
 7.000000e-001  7.000000e-001  7.000000e-001  2.000000e-001  7.000000e-001  3.525421e-004 
 7.100000e-001  7.100000e-001  7.100000e-001  2.000000e-001  7.100000e-001  3.466306e-004 
 7.200000e-001  7.200000e-001  7.200000e-001  2.000000e-001  7.200000e-001  3.404252e-004 
 7.300000e-001  7.300000e-001  7.300000e-001  2.000000e-001  7.300000e-001  3.339025e-004 
 7.400000e-001  7.400000e-001  7.400000e-001  2.000000e-001  7.400000e-001  3.270412e-004 
 7.500000e-001  7.500000e-001  7.500000e-001  2.000000e-001  7.500000e-001  3.198226e-004 
 7.600000e-001  7.600000e-001  7.600000e-001  2.000000e-001  7.600000e-001  3.122308e-004 
 7.700000e-001  7.700000e-001  7.700000e-001  2.000000e-001  7.700000e-001  3.042524e-004 
 7.800000e-001  7.800000e-001  7.800000e-001  2.000000e-001  7.800000e-001  2.958766e-004 
 7.900000e-001  7.900000e-001  7.900000e-001  2.000000e-001  7.900000e-001  2.870944e-004 
 8.000000e-001  8.000000e-001  8.000000e-001  2.000000e-001  8.000000e-001  2.778986e-004 
 8.100000e-001  8.100000e-001  8.100000e-001  2.000000e-001  8.100000e-001  2.682831e-004 
 8.200000e-001  8.200000e-001  8.200000e-001  2.000000e-001  8.200000e-001  2.582425e-004 
 8.300000e-001  8.300000e-001  8.300000e-001  2.000000e-001  8.300000e-001  2.477723e-004 
 8.400000e-001  8.400000e-001  8.400000e-001  2.000000e-001  8.400000e-001  2.368679e-004 
 8.500000e-001  8.500000e-001  8.500000e-001  2.000000e-001  8.500000e-001  2.255254e-004 
 8.600000e-001  8.600000e-001  8.600000e-001  2.000000e-001  8.600000e-001  2.137406e-004 
 8.700000e-001  8.700000e-001  8.700000e-001  2.000000e-001  8.700000e-001  2.015097e-004 
 8.800000e-001  8.800000e-001  8.800000e-001  2.000000e-001  8.800000e-001  1.888286e-004 
 8.900000e-001  8.900000e-001  8.900000e-001  2.000000e-001  8.900000e-001  1.756933e-004 
 9.000000e-001  9.000000e-001  9.000000e-001  2.000000e-001  9.000000e-001  1.620997e-004 
 9.100000e-001  9.100000e-001  9.100000e-001  2.000000e-001  9.100000e-001  1.480437e-004 
 9.200000e-001  9.200000e-001  9.200000e-001  2.000000e-001  9.200000e-001  1.335209e-004 
 9.300000e-001  9.300000e-001  9.300000e-001  2.000000e-001  9.300000e-001  1.185271e-004 
 9.400000e-001  9.400000e-001  9.400000e-001  2.000000e-001  9.400000e-001  1.030578e-004 
 9.500000e-001  9.500000e-001  9.500000e-001  2.000000e-001  9.500000e-001  8.710861e-005 
 0.000000e+000  0.000000e+000  0.000000e+000  3.000000e-001  0.000000e+000  4.594390e-004 
 1.000000e-002  1.000000e-002  1.000000e-002  3.000000e-001  1.000000e-002  4.555659e-004 
 2.000000e-002  2.000000e-002  2.000000e-002  3.000000e-001  2.000000e-002  4.518085e-004 
 3.000000e-002  3.000000e-002  3.000000e-002  3.000000e-001  3.000000e-002  4.480741e-004 
 4.000000e-002  4.000000e-002  4.000000e-002  3.000000e-001  4.000000e-002  4.443886e-004 
 5.000000e-002  5.000000e-002  5.000000e-002  3.000000e-001  5.000000e-002  4.407483e-004 
 6.000000e-002  6.000000e-002  6.000000e-002  3.000000e-001  6.000000e-002  4.371499e-004 
 7.000000e-002  7.000000e-002  7.000000e-002  3.000000e-001  7.000000e-002  4.335904e-004 
 8.000000e-002  8.000000e-002  8.000000e-002  3.000000e-001  8.000000e-002  4.300667e-004 
 9.000000e-002  9.000000e-002  9.000000e-002  3.000000e-001  9.000000e-002  4.265762e-004 
 1.000000e-001  1.000000e-001  1.000000e-001  3.000000e-001  1.000000e-001  4.231162e-004 
 1.100000e-001  1.100000e-001  1.100000e-001  3.000000e-001  1.100000e-001  4.196844e-004 
 1.200000e-001  1.200000e-001  1.200000e-001  3.000000e-001  1.200000e-001  4.162785e-004 
 1.300000e-001  1.300000e-001  1.300000e-001  3.000000e-001  1.300000e-001  4.128965e-004 
 1.400000e-001  1.400000e-001  1.400000e-001  3.000000e-001  1.400000e-001  4.095364e-004 
 1.500000e-001  1.500000e-001  1.500000e-001  3.000000e-001  1.500000e-001  4.061966e-004 
 1.600000e-001  1.600000e-001  1.600000e-001  3.000000e-001  1.600000e-001  4.028755e-004 
 1.700000e-001  1.700000e-001  1.700000e-001  3.000000e-001  1.700000e-001  3.995715e-004 
 1.800000e-001  1.800000e-001  1.800000e-001  3.000000e-001  1.800000e-001  3.962833e-004 
 1.900000e-001  1.900000e-001  1.900000e-001  3.000000e-001  1.900000e-001  3.930098e-004 
 2.000000e-001  2.000000e-001  2.000000e-001  3.000000e-001  2.000000e-001  3.897498e-004 
 2.100000e-001  2.100000e-001  2.100000e-001  3.000000e-001  2.100000e-001  3.865024e-004 
 2.200000e-001  2.200000e-001  2.200000e-001  3.000000e-001  2.200000e-001  3.832667e-004 
 2.300000e-001  2.300000e-001  2.300000e-001  3.000000e-001  2.300000e-001  3.800418e-004 
 2.400000e-001  2.400000e-001  2.400000e-001  3.000000e-001  2.400000e-001  3.768270e-004 
 2.500000e-001  2.500000e-001  2.500000e-001  3.000000e-001  2.500000e-001  3.736219e-004 
 2.600000e-001  2.600000e-001  2.600000e-001  3.000000e-001  2.600000e-001  3.704256e-004 
 2.700000e-001  2.700000e-001  2.700000e-001  3.000000e-001  2.700000e-001  3.672379e-004 
 2.800000e-001  2.800000e-001  2.800000e-001  3.000000e-001  2.800000e-001  3.640582e-004 
 2.900000e-001  2.900000e-001  2.900000e-001  3.000000e-001  2.900000e-001  3.608861e-004 
 3.000000e-001  3.000000e-001  3.000000e-001  3.000000e-001  3.000000e-001  3.577213e-004 
 3.100000e-001  3.100000e-001  3.100000e-001  3.000000e-001  3.100000e-001  3.545635e-004 
 3.200000e-001  3.200000e-001  3.200000e-001  3.000000e-001  3.200000e-001  3.514123e-004 
 3.300000e-001  3.300000e-001  3.300000e-001  3.000000e-001  3.300000e-001  3.482676e-004 
 3.400000e-001  3.400000e-001  3.400000e-001  3.000000e-001  3.400000e-001  3.451290e-004 
 3.500000e-001  3.500000e-001  3.500000e-001  3.000000e-001  3.500000e-001  3.419964e-004 
 3.600000e-001  3.600000e-001  3.600000e-001  3.000000e-001  3.600000e-001  3.388695e-004 
 3.700000e-001  3.700000e-001  3.700000e-001  3.000000e-001  3.700000e-001  3.357481e-004 
 3.800000e-001  3.800000e-001  3.800000e-001  3.000000e-001  3.800000e-001  3.326320e-004 
 3.900000e-001  3.900000e-001  3.900000e-001  3.000000e-001  3.900000e-001  3.295209e-004 
 4.000000e-001  4.000000e-001  4.000000e-001  3.000000e-001  4.000000e-001  3.264147e-004 
 4.100000e-001  4.100000e-001  4.100000e-001  3.000000e-001  4.100000e-001  3.233130e-004 
 4.200000e-001  4.200000e-001  4.200000e-001  3.000000e-001  4.200000e-001  3.202157e-004 
 4.300000e-001  4.300000e-001  4.300000e-001  3.000000e-001  4.300000e-001  3.171223e-004 
 4.400000e-001  4.400000e-001  4.400000e-001  3.000000e-001  4.400000e-001  3.140326e-004 
 4.500000e-001  4.500000e-001  4.500000e-001  3.000000e-001  4.500000e-001  3.109462e-004 
 4.600000e-001  4.600000e-001  4.600000e-001  3.000000e-001  4.600000e-001  3.078628e-004 
 4.700000e-001  4.700000e-001  4.700000e-001  3.000000e-001  4.700000e-001  3.047820e-004 
 4.800000e-001  4.800000e-001  4.800000e-001  3.000000e-001  4.800000e-001  3.017032e-004 
 4.900000e-001  4.900000e-001  4.900000e-001  3.000000e-001  4.900000e-001  2.986259e-004 
 5.000000e-001  5.000000e-001  5.000000e-001  3.000000e-001  5.000000e-001  2.955495e-004 
 5.100000e-001  5.100000e-001  5.100000e-001  3.000000e-001  5.100000e-001  2.924734e-004 
 5.200000e-001  5.200000e-001  5.200000e-001  3.000000e-001  5.200000e-001  2.893969e-004 
 5.300000e-001  5.300000e-001  5.300000e-001  3.000000e-001  5.300000e-001  2.863190e-004 
 5.400000e-001  5.400000e-001  5.400000e-001  3.000000e-001  5.400000e-001  2.832389e-004 
 5.500000e-001  5.500000e-001  5.500000e-001  3.000000e-001  5.500000e-001  2.801555e-004 
 5.600000e-001  5.600000e-001  5.600000e-001  3.000000e-001  5.600000e-001  2.770676e-004 
 5.700000e-001  5.700000e-001  5.700000e-001  3.000000e-001  5.700000e-001  2.739737e-004 
 5.800000e-001  5.800000e-001  5.800000e-001  3.000000e-001  5.800000e-001  2.708724e-004 
 5.900000e-001  5.900000e-001  5.900000e-001  3.000000e-001  5.900000e-001  2.677619e-004 
 6.000000e-001  6.000000e-001  6.000000e-001  3.000000e-001  6.000000e-001  2.646400e-004 
 6.100000e-001  6.100000e-001  6.100000e-001  3.000000e-001  6.100000e-001  2.615044e-004 
 6.200000e-001  6.200000e-001  6.200000e-001  3.000000e-001  6.200000e-001  2.583522e-004 
 6.300000e-001  6.300000e-001  6.300000e-001  3.000000e-001  6.300000e-001  2.551804e-004 
 6.400000e-001  6.400000e-001  6.400000e-001  3.000000e-001  6.400000e-001  2.519851e-004 
 6.500000e-001  6.500000e-001  6.500000e-001  3.000000e-001  6.500000e-001  2.487618e-004 
 6.600000e-001  6.600000e-001  6.600000e-001  3.000000e-001  6.600000e-001  2.455055e-004 
 6.700000e-001  6.700000e-001  6.700000e-001  3.000000e-001  6.700000e-001  2.422100e-004 
 6.800000e-001  6.800000e-001  6.800000e-001  3.000000e-001  6.800000e-001  2.388680e-004 
 6.900000e-001  6.900000e-001  6.900000e-001  3.000000e-001  6.900000e-001  2.354709e-004 
 7.000000e-001  7.000000e-001  7.000000e-001  3.000000e-001  7.000000e-001  2.320085e-004 
 7.100000e-001  7.100000e-001  7.100000e-001  3.000000e-001  7.100000e-001  2.284688e-004 
 7.200000e-001  7.200000e-001  7.200000e-001  3.000000e-001  7.200000e-001  2.248375e-004 
 7.300000e-001  7.300000e-001  7.300000e-001  3.000000e-001  7.300000e-001  2.210978e-004 
 7.400000e-001  7.400000e-001  7.400000e-001  3.000000e-001  7.400000e-001  2.172303e-004 
 7.500000e-001  7.500000e-001  7.500000e-001  3.000000e-001  7.500000e-001  2.132127e-004 
 7.600000e-001  7.600000e-001  7.600000e-001  3.000000e-001  7.600000e-001  2.090199e-004 
 7.700000e-001  7.700000e-001  7.700000e-001  3.000000e-001  7.700000e-001  2.046247e-004 
 7.800000e-001  7.800000e-001  7.800000e-001  3.000000e-001  7.800000e-001  1.999979e-004 
 7.900000e-001  7.900000e-001  7.900000e-001  3.000000e-001  7.900000e-001  1.951098e-004 
 8.000000e-001  8.000000e-001  8.000000e-001  3.000000e-001  8.000000e-001  1.899311e-004 
 8.100000e-001  8.100000e-001  8.100000e-001  3.000000e-001  8.100000e-001  1.844342e-004 
 8.200000e-001  8.200000e-001  8.200000e-001  3.000000e-001  8.200000e-001  1.785941e-004 
 8.300000e-001  8.300000e-001  8.300000e-001  3.000000e-001  8.300000e-001  1.723888e-004 
 8.400000e-001  8.400000e-001  8.400000e-001  3.000000e-001  8.400000e-001  1.657995e-004 
 8.500000e-001  8.500000e-001  8.500000e-001  3.000000e-001  8.500000e-001  1.588105e-004 
 8.600000e-001  8.600000e-001  8.600000e-001  3.000000e-001  8.600000e-001  1.514088e-004 
 8.700000e-001  8.700000e-001  8.700000e-001  3.000000e-001  8.700000e-001  1.435834e-004 
 8.800000e-001  8.800000e-001  8.800000e-001  3.000000e-001  8.800000e-001  1.353250e-004 
 8.900000e-001  8.900000e-001  8.900000e-001  3.000000e-001  8.900000e-001  1.266254e-004 
 9.000000e-001  9.000000e-001  9.000000e-001  3.000000e-001  9.000000e-001  1.174774e-004 
 9.100000e-001  9.100000e-001  9.100000e-001  3.000000e-001  9.100000e-001  1.078743e-004 
 9.200000e-001  9.200000e-001  9.200000e-001  3.000000e-001  9.200000e-001  9.781002e-005 
 9.300000e-001  9.300000e-001  9.300000e-001  3.000000e-001  9.300000e-001  8.727855e-005 
 9.400000e-001  9.400000e-001  9.400000e-001  3.000000e-001  9.400000e-001  7.627413e-005 
 9.500000e-001  9.500000e-001  9.500000e-001  3.000000e-001  9.500000e-001  6.479112e-005 
 0.000000e+000  0.000000e+000  0.000000e+000  4.000000e-001  0.000000e+000  3.020080e-004 
 1.000000e-002  1.000000e-002  1.000000e-002  4.000000e-001  1.000000e-002  2.984182e-004 
 2.000000e-002  2.000000e-002  2.000000e-002  4.000000e-001  2.000000e-002  2.949582e-004 
 3.000000e-002  3.000000e-002  3.000000e-002  4.000000e-001  3.000000e-002  2.915251e-004 
 4.000000e-002  4.000000e-002  4.000000e-002  4.000000e-001  4.000000e-002  2.881485e-004 
 5.000000e-002  5.000000e-002  5.000000e-002  4.000000e-001  5.000000e-002  2.848251e-004 
 6.000000e-002  6.000000e-002  6.000000e-002  4.000000e-001  6.000000e-002  2.815518e-004 
 7.000000e-002  7.000000e-002  7.000000e-002  4.000000e-001  7.000000e-002  2.783255e-004 
 8.000000e-002  8.000000e-002  8.000000e-002  4.000000e-001  8.000000e-002  2.751434e-004 
 9.000000e-002  9.000000e-002  9.000000e-002  4.000000e-001  9.000000e-002  2.720030e-004 
 1.000000e-001  1.000000e-001  1.000000e-001  4.000000e-001  1.000000e-001  2.689016e-004 
 1.100000e-001  1.100000e-001  1.100000e-001  4.000000e-001  1.100000e-001  2.658370e-004 
 1.200000e-001  1.200000e-001  1.200000e-001  4.000000e-001  1.200000e-001  2.628069e-004 
 1.300000e-001  1.300000e-001  1.300000e-001  4.000000e-001  1.300000e-001  2.598093e-004 
 1.400000e-001  1.400000e-001  1.400000e-001  4.000000e-001  1.400000e-001  2.568422e-004 
 1.500000e-001  1.500000e-001  1.500000e-001  4.000000e-001  1.500000e-001  2.539039e-004 
 1.600000e-001  1.600000e-001  1.600000e-001  4.000000e-001  1.600000e-001  2.509927e-004 
 1.700000e-001  1.700000e-001  1.700000e-001  4.000000e-001  1.700000e-001  2.481070e-004 
 1.800000e-001  1.800000e-001  1.800000e-001  4.000000e-001  1.800000e-001  2.452454e-004 
 1.900000e-001  1.900000e-001  1.900000e-001  4.000000e-001  1.900000e-001  2.424067e-004 
 2.000000e-001  2.000000e-001  2.000000e-001  4.000000e-001  2.000000e-001  2.395897e-004 
 2.100000e-001  2.100000e-001  2.100000e-001  4.000000e-001  2.100000e-001  2.367931e-004 
 2.200000e-001  2.200000e-001  2.200000e-001  4.000000e-001  2.200000e-001  2.340162e-004 
 2.300000e-001  2.300000e-001  2.300000e-001  4.000000e-001  2.300000e-001  2.312579e-004 
 2.400000e-001  2.400000e-001  2.400000e-001  4.000000e-001  2.400000e-001  2.285175e-004 
 2.500000e-001  2.500000e-001  2.500000e-001  4.000000e-001  2.500000e-001  2.257943e-004 
 2.600000e-001  2.600000e-001  2.600000e-001  4.000000e-001  2.600000e-001  2.230875e-004 
 2.700000e-001  2.700000e-001  2.700000e-001  4.000000e-001  2.700000e-001  2.203967e-004 
 2.800000e-001  2.800000e-001  2.800000e-001  4.000000e-001  2.800000e-001  2.177214e-004 
 2.900000e-001  2.900000e-001  2.900000e-001  4.000000e-001  2.900000e-001  2.150610e-004 
 3.000000e-001  3.000000e-001  3.000000e-001  4.000000e-001  3.000000e-001  2.124153e-004 
 3.100000e-001  3.100000e-001  3.100000e-001  4.000000e-001  3.100000e-001  2.097839e-004 
 3.200000e-001  3.200000e-001  3.200000e-001  4.000000e-001  3.200000e-001  2.071665e-004 
 3.300000e-001  3.300000e-001  3.300000e-001  4.000000e-001  3.300000e-001  2.045628e-004 
 3.400000e-001  3.400000e-001  3.400000e-001  4.000000e-001  3.400000e-001  2.019728e-004 
 3.500000e-001  3.500000e-001  3.500000e-001  4.000000e-001  3.500000e-001  1.993962e-004 
 3.600000e-001  3.600000e-001  3.600000e-001  4.000000e-001  3.600000e-001  1.968328e-004 
 3.700000e-001  3.700000e-001  3.700000e-001  4.000000e-001  3.700000e-001  1.942827e-004 
 3.800000e-001  3.800000e-001  3.800000e-001  4.000000e-001  3.800000e-001  1.917456e-004 
 3.900000e-001  3.900000e-001  3.900000e-001  4.000000e-001  3.900000e-001  1.892216e-004 
 4.000000e-001  4.000000e-001  4.000000e-001  4.000000e-001  4.000000e-001  1.867105e-004 
 4.100000e-001  4.100000e-001  4.100000e-001  4.000000e-001  4.100000e-001  1.842124e-004 
 4.200000e-001  4.200000e-001  4.200000e-001  4.000000e-001  4.200000e-001  1.817272e-004 
 4.300000e-001  4.300000e-001  4.300000e-001  4.000000e-001  4.300000e-001  1.792549e-004 
 4.400000e-001  4.400000e-001  4.400000e-001  4.000000e-001  4.400000e-001  1.767954e-004 
 4.500000e-001  4.500000e-001  4.500000e-001  4.000000e-001  4.500000e-001  1.743488e-004 
 4.600000e-001  4.600000e-001  4.600000e-001  4.000000e-001  4.600000e-001  1.719150e-004 
 4.700000e-001  4.700000e-001  4.700000e-001  4.000000e-001  4.700000e-001  1.694941e-004 
 4.800000e-001  4.800000e-001  4.800000e-001  4.000000e-001  4.800000e-001  1.670859e-004 
 4.900000e-001  4.900000e-001  4.900000e-001  4.000000e-001  4.900000e-001  1.646905e-004 
 5.000000e-001  5.000000e-001  5.000000e-001  4.000000e-001  5.000000e-001  1.623078e-004 
 5.100000e-001  5.100000e-001  5.100000e-001  4.000000e-001  5.100000e-001  1.599378e-004 
 5.200000e-001  5.200000e-001  5.200000e-001  4.000000e-001  5.200000e-001  1.575804e-004 
 5.300000e-001  5.300000e-001  5.300000e-001  4.000000e-001  5.300000e-001  1.552355e-004 
 5.400000e-001  5.400000e-001  5.400000e-001  4.000000e-001  5.400000e-001  1.529031e-004 
 5.500000e-001  5.500000e-001  5.500000e-001  4.000000e-001  5.500000e-001  1.505829e-004 
 5.600000e-001  5.600000e-001  5.600000e-001  4.000000e-001  5.600000e-001  1.482750e-004 
 5.700000e-001  5.700000e-001  5.700000e-001  4.000000e-001  5.700000e-001  1.459791e-004 
 5.800000e-001  5.800000e-001  5.800000e-001  4.000000e-001  5.800000e-001  1.436950e-004 
 5.900000e-001  5.900000e-001  5.900000e-001  4.000000e-001  5.900000e-001  1.414225e-004 
 6.000000e-001  6.000000e-001  6.000000e-001  4.000000e-001  6.000000e-001  1.391613e-004 
 6.100000e-001  6.100000e-001  6.100000e-001  4.000000e-001  6.100000e-001  1.369112e-004 
 6.200000e-001  6.200000e-001  6.200000e-001  4.000000e-001  6.200000e-001  1.346717e-004 
 6.300000e-001  6.300000e-001  6.300000e-001  4.000000e-001  6.300000e-001  1.324424e-004 
 6.400000e-001  6.400000e-001  6.400000e-001  4.000000e-001  6.400000e-001  1.302228e-004 
 6.500000e-001  6.500000e-001  6.500000e-001  4.000000e-001  6.500000e-001  1.280124e-004 
 6.600000e-001  6.600000e-001  6.600000e-001  4.000000e-001  6.600000e-001  1.258103e-004 
 6.700000e-001  6.700000e-001  6.700000e-001  4.000000e-001  6.700000e-001  1.236158e-004 
 6.800000e-001  6.800000e-001  6.800000e-001  4.000000e-001  6.800000e-001  1.214279e-004 
 6.900000e-001  6.900000e-001  6.900000e-001  4.000000e-001  6.900000e-001  1.192454e-004 
 7.000000e-001  7.000000e-001  7.000000e-001  4.000000e-001  7.000000e-001  1.170669e-004 
 7.100000e-001  7.100000e-001  7.100000e-001  4.000000e-001  7.100000e-001  1.148907e-004 
 7.200000e-001  7.200000e-001  7.200000e-001  4.000000e-001  7.200000e-001  1.127147e-004 
 7.300000e-001  7.300000e-001  7.300000e-001  4.000000e-001  7.300000e-001  1.105365e-004 
 7.400000e-001  7.400000e-001  7.400000e-001  4.000000e-001  7.400000e-001  1.083530e-004 
 7.500000e-001  7.500000e-001  7.500000e-001  4.000000e-001  7.500000e-001  1.061605e-004 
 7.600000e-001  7.600000e-001  7.600000e-001  4.000000e-001  7.600000e-001  1.039543e-004 
 7.700000e-001  7.700000e-001  7.700000e-001  4.000000e-001  7.700000e-001  1.017286e-004 
 7.800000e-001  7.800000e-001  7.800000e-001  4.000000e-001  7.800000e-001  9.947615e-005 
 7.900000e-001  7.900000e-001  7.900000e-001  4.000000e-001  7.900000e-001  9.718782e-005 
 8.000000e-001  8.000000e-001  8.000000e-001  4.000000e-001  8.000000e-001  9.485211e-005 
 8.100000e-001  8.100000e-001  8.100000e-001  4.000000e-001  8.100000e-001  9.245458e-005 
 8.200000e-001  8.200000e-001  8.200000e-001  4.000000e-001  8.200000e-001  8.997723e-005 
 8.300000e-001  8.300000e-001  8.300000e-001  4.000000e-001  8.300000e-001  8.739795e-005 
 8.400000e-001  8.400000e-001  8.400000e-001  4.000000e-001  8.400000e-001  8.469019e-005 
 8.500000e-001  8.500000e-001  8.500000e-001  4.000000e-001  8.500000e-001  8.182308e-005 
 8.600000e-001  8.600000e-001  8.600000e-001  4.000000e-001  8.600000e-001  7.876229e-005 
 8.700000e-001  8.700000e-001  8.700000e-001  4.000000e-001  8.700000e-001  7.547157e-005 
 8.800000e-001  8.800000e-001  8.800000e-001  4.000000e-001  8.800000e-001  7.191477e-005 
 8.900000e-001  8.900000e-001  8.900000e-001  4.000000e-001  8.900000e-001  6.805799e-005 
 9.000000e-001  9.000000e-001  9.000000e-001  4.000000e-001  9.000000e-001  6.387115e-005 
 9.100000e-001  9.100000e-001  9.100000e-001  4.000000e-001  9.100000e-001  5.932872e-005 
 9.200000e-001  9.200000e-001  9.200000e-001  4.000000e-001  9.200000e-001  5.440975e-005 
 9.300000e-001  9.300000e-001  9.300000e-001  4.000000e-001  9.300000e-001  4.909736e-005 
 9.400000e-001  9.400000e-001  9.400000e-001  4.000000e-001  9.400000e-001  4.337795e-005 
 9.500000e-001  9.500000e-001  9.500000e-001  4.000000e-001  9.500000e-001  3.724045e-005 
 0.000000e+000  0.000000e+000  0.000000e+000  5.000000e-001  0.000000e+000  1.588116e-004 
 1.000000e-002  1.000000e-002  1.000000e-002  5.000000e-001  1.000000e-002  1.559081e-004 
 2.000000e-002  2.000000e-002  2.000000e-002  5.000000e-001  2.000000e-002  1.531311e-004 
 3.000000e-002  3.000000e-002  3.000000e-002  5.000000e-001  3.000000e-002  1.503813e-004 
 4.000000e-002  4.000000e-002  4.000000e-002  5.000000e-001  4.000000e-002  1.476881e-004 
 5.000000e-002  5.000000e-002  5.000000e-002  5.000000e-001  5.000000e-002  1.450491e-004 
 6.000000e-002  6.000000e-002  6.000000e-002  5.000000e-001  6.000000e-002  1.424616e-004 
 7.000000e-002  7.000000e-002  7.000000e-002  5.000000e-001  7.000000e-002  1.399235e-004 
 8.000000e-002  8.000000e-002  8.000000e-002  5.000000e-001  8.000000e-002  1.374324e-004 
 9.000000e-002  9.000000e-002  9.000000e-002  5.000000e-001  9.000000e-002  1.349864e-004 
 1.000000e-001  1.000000e-001  1.000000e-001  5.000000e-001  1.000000e-001  1.325833e-004 
 1.100000e-001  1.100000e-001  1.100000e-001  5.000000e-001  1.100000e-001  1.302214e-004 
 1.200000e-001  1.200000e-001  1.200000e-001  5.000000e-001  1.200000e-001  1.278989e-004 
 1.300000e-001  1.300000e-001  1.300000e-001  5.000000e-001  1.300000e-001  1.256141e-004 
 1.400000e-001  1.400000e-001  1.400000e-001  5.000000e-001  1.400000e-001  1.233656e-004 
 1.500000e-001  1.500000e-001  1.500000e-001  5.000000e-001  1.500000e-001  1.211518e-004 
 1.600000e-001  1.600000e-001  1.600000e-001  5.000000e-001  1.600000e-001  1.189714e-004 
 1.700000e-001  1.700000e-001  1.700000e-001  5.000000e-001  1.700000e-001  1.168231e-004 
 1.800000e-001  1.800000e-001  1.800000e-001  5.000000e-001  1.800000e-001  1.147058e-004 
 1.900000e-001  1.900000e-001  1.900000e-001  5.000000e-001  1.900000e-001  1.126184e-004 
 2.000000e-001  2.000000e-001  2.000000e-001  5.000000e-001  2.000000e-001  1.105599e-004 
 2.100000e-001  2.100000e-001  2.100000e-001  5.000000e-001  2.100000e-001  1.085293e-004 
 2.200000e-001  2.200000e-001  2.200000e-001  5.000000e-001  2.200000e-001  1.065259e-004 
 2.300000e-001  2.300000e-001  2.300000e-001  5.000000e-001  2.300000e-001  1.045488e-004 
 2.400000e-001  2.400000e-001  2.400000e-001  5.000000e-001  2.400000e-001  1.025973e-004 
 2.500000e-001  2.500000e-001  2.500000e-001  5.000000e-001  2.500000e-001  1.006708e-004 
 2.600000e-001  2.600000e-001  2.600000e-001  5.000000e-001  2.600000e-001  9.876875e-005 
 2.700000e-001  2.700000e-001  2.700000e-001  5.000000e-001  2.700000e-001  9.689054e-005 
 2.800000e-001  2.800000e-001  2.800000e-001  5.000000e-001  2.800000e-001  9.503574e-005 
 2.900000e-001  2.900000e-001  2.900000e-001  5.000000e-001  2.900000e-001  9.320392e-005 
 3.000000e-001  3.000000e-001  3.000000e-001  5.000000e-001  3.000000e-001  9.139469e-005 
 3.100000e-001  3.100000e-001  3.100000e-001  5.000000e-001  3.100000e-001  8.960772e-005 
 3.200000e-001  3.200000e-001  3.200000e-001  5.000000e-001  3.200000e-001  8.784271e-005 
 3.300000e-001  3.300000e-001  3.300000e-001  5.000000e-001  3.300000e-001  8.609940e-005 
 3.400000e-001  3.400000e-001  3.400000e-001  5.000000e-001  3.400000e-001  8.437757e-005 
 3.500000e-001  3.500000e-001  3.500000e-001  5.000000e-001  3.500000e-001  8.267701e-005 
 3.600000e-001  3.600000e-001  3.600000e-001  5.000000e-001  3.600000e-001  8.099755e-005 
 3.700000e-001  3.700000e-001  3.700000e-001  5.000000e-001  3.700000e-001  7.933904e-005 
 3.800000e-001  3.800000e-001  3.800000e-001  5.000000e-001  3.800000e-001  7.770136e-005 
 3.900000e-001  3.900000e-001  3.900000e-001  5.000000e-001  3.900000e-001  7.608439e-005 
 4.000000e-001  4.000000e-001  4.000000e-001  5.000000e-001  4.000000e-001  7.448805e-005 
 4.100000e-001  4.100000e-001  4.100000e-001  5.000000e-001  4.100000e-001  7.291224e-005 
 4.200000e-001  4.200000e-001  4.200000e-001  5.000000e-001  4.200000e-001  7.135691e-005 
 4.300000e-001  4.300000e-001  4.300000e-001  5.000000e-001  4.300000e-001  6.982200e-005 
 4.400000e-001  4.400000e-001  4.400000e-001  5.000000e-001  4.400000e-001  6.830744e-005 
 4.500000e-001  4.500000e-001  4.500000e-001  5.000000e-001  4.500000e-001  6.681320e-005 
 4.600000e-001  4.600000e-001  4.600000e-001  5.000000e-001  4.600000e-001  6.533923e-005 
 4.700000e-001  4.700000e-001  4.700000e-001  5.000000e-001  4.700000e-001  6.388549e-005 
 4.800000e-001  4.800000e-001  4.800000e-001  5.000000e-001  4.800000e-001  6.245194e-005 
 4.900000e-001  4.900000e-001  4.900000e-001  5.000000e-001  4.900000e-001  6.103854e-005 
 5.000000e-001  5.000000e-001  5.000000e-001  5.000000e-001  5.000000e-001  5.964524e-005 
 5.100000e-001  5.100000e-001  5.100000e-001  5.000000e-001  5.100000e-001  5.827201e-005 
 5.200000e-001  5.200000e-001  5.200000e-001  5.000000e-001  5.200000e-001  5.691879e-005 
 5.300000e-001  5.300000e-001  5.300000e-001  5.000000e-001  5.300000e-001  5.558553e-005 
 5.400000e-001  5.400000e-001  5.400000e-001  5.000000e-001  5.400000e-001  5.427218e-005 
 5.500000e-001  5.500000e-001  5.500000e-001  5.000000e-001  5.500000e-001  5.297866e-005 
 5.600000e-001  5.600000e-001  5.600000e-001  5.000000e-001  5.600000e-001  5.170492e-005 
 5.700000e-001  5.700000e-001  5.700000e-001  5.000000e-001  5.700000e-001  5.045088e-005 
 5.800000e-001  5.800000e-001  5.800000e-001  5.000000e-001  5.800000e-001  4.921645e-005 
 5.900000e-001  5.900000e-001  5.900000e-001  5.000000e-001  5.900000e-001  4.800154e-005 
 6.000000e-001  6.000000e-001  6.000000e-001  5.000000e-001  6.000000e-001  4.680604e-005 
 6.100000e-001  6.100000e-001  6.100000e-001  5.000000e-001  6.100000e-001  4.562986e-005 
 6.200000e-001  6.200000e-001  6.200000e-001  5.000000e-001  6.200000e-001  4.447287e-005 
 6.300000e-001  6.300000e-001  6.300000e-001  5.000000e-001  6.300000e-001  4.333493e-005 
 6.400000e-001  6.400000e-001  6.400000e-001  5.000000e-001  6.400000e-001  4.221592e-005 
 6.500000e-001  6.500000e-001  6.500000e-001  5.000000e-001  6.500000e-001  4.111566e-005 
 6.600000e-001  6.600000e-001  6.600000e-001  5.000000e-001  6.600000e-001  4.003400e-005 
 6.700000e-001  6.700000e-001  6.700000e-001  5.000000e-001  6.700000e-001  3.897075e-005 
 6.800000e-001  6.800000e-001  6.800000e-001  5.000000e-001  6.800000e-001  3.792572e-005 
 6.900000e-001  6.900000e-001  6.900000e-001  5.000000e-001  6.900000e-001  3.689867e-005 
 7.000000e-001  7.000000e-001  7.000000e-001  5.000000e-001  7.000000e-001  3.588937e-005 
 7.100000e-001  7.100000e-001  7.100000e-001  5.000000e-001  7.100000e-001  3.489755e-005 
 7.200000e-001  7.200000e-001  7.200000e-001  5.000000e-001  7.200000e-001  3.392292e-005 
 7.300000e-001  7.300000e-001  7.300000e-001  5.000000e-001  7.300000e-001  3.296514e-005 
 7.400000e-001  7.400000e-001  7.400000e-001  5.000000e-001  7.400000e-001  3.202384e-005 
 7.500000e-001  7.500000e-001  7.500000e-001  5.000000e-001  7.500000e-001  3.109861e-005 
 7.600000e-001  7.600000e-001  7.600000e-001  5.000000e-001  7.600000e-001  3.018895e-005 
 7.700000e-001  7.700000e-001  7.700000e-001  5.000000e-001  7.700000e-001  2.929430e-005 
 7.800000e-001  7.800000e-001  7.800000e-001  5.000000e-001  7.800000e-001  2.841401e-005 
 7.900000e-001  7.900000e-001  7.900000e-001  5.000000e-001  7.900000e-001  2.754727e-005 
 8.000000e-001  8.000000e-001  8.000000e-001  5.000000e-001  8.000000e-001  2.669314e-005 
 8.100000e-001  8.100000e-001  8.100000e-001  5.000000e-001  8.100000e-001  2.585044e-005 
 8.200000e-001  8.200000e-001  8.200000e-001  5.000000e-001  8.200000e-001  2.501769e-005 
 8.300000e-001  8.300000e-001  8.300000e-001  5.000000e-001  8.300000e-001  2.419299e-005 
 8.400000e-001  8.400000e-001  8.400000e-001  5.000000e-001  8.400000e-001  2.337387e-005 
 8.500000e-001  8.500000e-001  8.500000e-001  5.000000e-001  8.500000e-001  2.255702e-005 
 8.600000e-001  8.600000e-001  8.600000e-001  5.000000e-001  8.600000e-001  2.173798e-005 
 8.700000e-001  8.700000e-001  8.700000e-001  5.000000e-001  8.700000e-001  2.091053e-005 
 8.800000e-001  8.800000e-001  8.800000e-001  5.000000e-001  8.800000e-001  2.006598e-005 
 8.900000e-001  8.900000e-001  8.900000e-001  5.000000e-001  8.900000e-001  1.919212e-005 
 9.000000e-001  9.000000e-001  9.000000e-001  5.000000e-001  9.000000e-001  1.827188e-005 
 9.100000e-001  9.100000e-001  9.100000e-001  5.000000e-001  9.100000e-001  1.728212e-005 
 9.200000e-001  9.200000e-001  9.200000e-001  5.000000e-001  9.200000e-001  1.619298e-005 
 9.300000e-001  9.300000e-001  9.300000e-001  5.000000e-001  9.300000e-001  1.496897e-005 
 9.400000e-001  9.400000e-001  9.400000e-001  5.000000e-001  9.400000e-001  1.357209e-005 
 9.500000e-001  9.500000e-001  9.500000e-001  5.000000e-001  9.500000e-001  1.196635e-005 
 0.000000e+000  0.000000e+000  0.000000e+000  6.000000e-001  0.000000e+000  5.315570e-005 
 1.000000e-002  1.000000e-002  1.000000e-002  6.000000e-001  1.000000e-002  5.158422e-005 
 2.000000e-002  2.000000e-002  2.000000e-002  6.000000e-001  2.000000e-002  5.010912e-005 
 3.000000e-002  3.000000e-002  3.000000e-002  6.000000e-001  3.000000e-002  4.865526e-005 
 4.000000e-002  4.000000e-002  4.000000e-002  6.000000e-001  4.000000e-002  4.724526e-005 
 5.000000e-002  5.000000e-002  5.000000e-002  6.000000e-001  5.000000e-002  4.587741e-005 
 6.000000e-002  6.000000e-002  6.000000e-002  6.000000e-001  6.000000e-002  4.455007e-005 
 7.000000e-002  7.000000e-002  7.000000e-002  6.000000e-001  7.000000e-002  4.326169e-005 
 8.000000e-002  8.000000e-002  8.000000e-002  6.000000e-001  8.000000e-002  4.201076e-005 
 9.000000e-002  9.000000e-002  9.000000e-002  6.000000e-001  9.000000e-002  4.079589e-005 
 1.000000e-001  1.000000e-001  1.000000e-001  6.000000e-001  1.000000e-001  3.961573e-005 
 1.100000e-001  1.100000e-001  1.100000e-001  6.000000e-001  1.100000e-001  3.846898e-005 
 1.200000e-001  1.200000e-001  1.200000e-001  6.000000e-001  1.200000e-001  3.735445e-005 
 1.300000e-001  1.300000e-001  1.300000e-001  6.000000e-001  1.300000e-001  3.627097e-005 
 1.400000e-001  1.400000e-001  1.400000e-001  6.000000e-001  1.400000e-001  3.521745e-005 
 1.500000e-001  1.500000e-001  1.500000e-001  6.000000e-001  1.500000e-001  3.419284e-005 
 1.600000e-001  1.600000e-001  1.600000e-001  6.000000e-001  1.600000e-001  3.319616e-005 
 1.700000e-001  1.700000e-001  1.700000e-001  6.000000e-001  1.700000e-001  3.222648e-005 
 1.800000e-001  1.800000e-001  1.800000e-001  6.000000e-001  1.800000e-001  3.128290e-005 
 1.900000e-001  1.900000e-001  1.900000e-001  6.000000e-001  1.900000e-001  3.036458e-005 
 2.000000e-001  2.000000e-001  2.000000e-001  6.000000e-001  2.000000e-001  2.947074e-005 
 2.100000e-001  2.100000e-001  2.100000e-001  6.000000e-001  2.100000e-001  2.860060e-005 
 2.200000e-001  2.200000e-001  2.200000e-001  6.000000e-001  2.200000e-001  2.775345e-005 
 2.300000e-001  2.300000e-001  2.300000e-001  6.000000e-001  2.300000e-001  2.692862e-005 
 2.400000e-001  2.400000e-001  2.400000e-001  6.000000e-001  2.400000e-001  2.612545e-005 
 2.500000e-001  2.500000e-001  2.500000e-001  6.000000e-001  2.500000e-001  2.534335e-005 
 2.600000e-001  2.600000e-001  2.600000e-001  6.000000e-001  2.600000e-001  2.458171e-005 
 2.700000e-001  2.700000e-001  2.700000e-001  6.000000e-001  2.700000e-001  2.384000e-005 
 2.800000e-001  2.800000e-001  2.800000e-001  6.000000e-001  2.800000e-001  2.311769e-005 
 2.900000e-001  2.900000e-001  2.900000e-001  6.000000e-001  2.900000e-001  2.241427e-005 
 3.000000e-001  3.000000e-001  3.000000e-001  6.000000e-001  3.000000e-001  2.172926e-005 
 3.100000e-001  3.100000e-001  3.100000e-001  6.000000e-001  3.100000e-001  2.106222e-005 
 3.200000e-001  3.200000e-001  3.200000e-001  6.000000e-001  3.200000e-001  2.041270e-005 
 3.300000e-001  3.300000e-001  3.300000e-001  6.000000e-001  3.300000e-001  1.978029e-005 
 3.400000e-001  3.400000e-001  3.400000e-001  6.000000e-001  3.400000e-001  1.916459e-005 
 3.500000e-001  3.500000e-001  3.500000e-001  6.000000e-001  3.500000e-001  1.856521e-005 
 3.600000e-001  3.600000e-001  3.600000e-001  6.000000e-001  3.600000e-001  1.798177e-005 
 3.700000e-001  3.700000e-001  3.700000e-001  6.000000e-001  3.700000e-001  1.741393e-005 
 3.800000e-001  3.800000e-001  3.800000e-001  6.000000e-001  3.800000e-001  1.686133e-005 
 3.900000e-001  3.900000e-001  3.900000e-001  6.000000e-001  3.900000e-001  1.632364e-005 
 4.000000e-001  4.000000e-001  4.000000e-001  6.000000e-001  4.000000e-001  1.580054e-005 
 4.100000e-001  4.100000e-001  4.100000e-001  6.000000e-001  4.100000e-001  1.529170e-005 
 4.200000e-001  4.200000e-001  4.200000e-001  6.000000e-001  4.200000e-001  1.479683e-005 
 4.300000e-001  4.300000e-001  4.300000e-001  6.000000e-001  4.300000e-001  1.431561e-005 
 4.400000e-001  4.400000e-001  4.400000e-001  6.000000e-001  4.400000e-001  1.384775e-005 
 4.500000e-001  4.500000e-001  4.500000e-001  6.000000e-001  4.500000e-001  1.339297e-005 
 4.600000e-001  4.600000e-001  4.600000e-001  6.000000e-001  4.600000e-001  1.295097e-005 
 4.700000e-001  4.700000e-001  4.700000e-001  6.000000e-001  4.700000e-001  1.252149e-005 
 4.800000e-001  4.800000e-001  4.800000e-001  6.000000e-001  4.800000e-001  1.210425e-005 
 4.900000e-001  4.900000e-001  4.900000e-001  6.000000e-001  4.900000e-001  1.169897e-005 
 5.000000e-001  5.000000e-001  5.000000e-001  6.000000e-001  5.000000e-001  1.130540e-005 
 5.100000e-001  5.100000e-001  5.100000e-001  6.000000e-001  5.100000e-001  1.092327e-005 
 5.200000e-001  5.200000e-001  5.200000e-001  6.000000e-001  5.200000e-001  1.055231e-005 
 5.300000e-001  5.300000e-001  5.300000e-001  6.000000e-001  5.300000e-001  1.019228e-005 
 5.400000e-001  5.400000e-001  5.400000e-001  6.000000e-001  5.400000e-001  9.842924e-006 
 5.500000e-001  5.500000e-001  5.500000e-001  6.000000e-001  5.500000e-001  9.503986e-006 
 5.600000e-001  5.600000e-001  5.600000e-001  6.000000e-001  5.600000e-001  9.175221e-006 
 5.700000e-001  5.700000e-001  5.700000e-001  6.000000e-001  5.700000e-001  8.856384e-006 
 5.800000e-001  5.800000e-001  5.800000e-001  6.000000e-001  5.800000e-001  8.547234e-006 
 5.900000e-001  5.900000e-001  5.900000e-001  6.000000e-001  5.900000e-001  8.247530e-006 
 6.000000e-001  6.000000e-001  6.000000e-001  6.000000e-001  6.000000e-001  7.957038e-006 
 6.100000e-001  6.100000e-001  6.100000e-001  6.000000e-001  6.100000e-001  7.675522e-006 
 6.200000e-001  6.200000e-001  6.200000e-001  6.000000e-001  6.200000e-001  7.402751e-006 
 6.300000e-001  6.300000e-001  6.300000e-001  6.000000e-001  6.300000e-001  7.138498e-006 
 6.400000e-001  6.400000e-001  6.400000e-001  6.000000e-001  6.400000e-001  6.882536e-006 
 6.500000e-001  6.500000e-001  6.500000e-001  6.000000e-001  6.500000e-001  6.634642e-006 
 6.600000e-001  6.600000e-001  6.600000e-001  6.000000e-001  6.600000e-001  6.394597e-006 
 6.700000e-001  6.700000e-001  6.700000e-001  6.000000e-001  6.700000e-001  6.162182e-006 
 6.800000e-001  6.800000e-001  6.800000e-001  6.000000e-001  6.800000e-001  5.937184e-006 
 6.900000e-001  6.900000e-001  6.900000e-001  6.000000e-001  6.900000e-001  5.719389e-006 
 7.000000e-001  7.000000e-001  7.000000e-001  6.000000e-001  7.000000e-001  5.508588e-006 
 7.100000e-001  7.100000e-001  7.100000e-001  6.000000e-001  7.100000e-001  5.304573e-006 
 7.200000e-001  7.200000e-001  7.200000e-001  6.000000e-001  7.200000e-001  5.107139e-006 
 7.300000e-001  7.300000e-001  7.300000e-001  6.000000e-001  7.300000e-001  4.916083e-006 
 7.400000e-001  7.400000e-001  7.400000e-001  6.000000e-001  7.400000e-001  4.731202e-006 
 7.500000e-001  7.500000e-001  7.500000e-001  6.000000e-001  7.500000e-001  4.552295e-006 
 7.600000e-001  7.600000e-001  7.600000e-001  6.000000e-001  7.600000e-001  4.379161e-006 
 7.700000e-001  7.700000e-001  7.700000e-001  6.000000e-001  7.700000e-001  4.211598e-006 
 7.800000e-001  7.800000e-001  7.800000e-001  6.000000e-001  7.800000e-001  4.049403e-006 
 7.900000e-001  7.900000e-001  7.900000e-001  6.000000e-001  7.900000e-001  3.892369e-006 
 8.000000e-001  8.000000e-001  8.000000e-001  6.000000e-001  8.000000e-001  3.740286e-006 
 8.100000e-001  8.100000e-001  8.100000e-001  6.000000e-001  8.100000e-001  3.592932e-006 
 8.200000e-001  8.200000e-001  8.200000e-001  6.000000e-001  8.200000e-001  3.450077e-006 
 8.300000e-001  8.300000e-001  8.300000e-001  6.000000e-001  8.300000e-001  3.311468e-006 
 8.400000e-001  8.400000e-001  8.400000e-001  6.000000e-001  8.400000e-001  3.176831e-006 
 8.500000e-001  8.500000e-001  8.500000e-001  6.000000e-001  8.500000e-001  3.045848e-006 
 8.600000e-001  8.600000e-001  8.600000e-001  6.000000e-001  8.600000e-001  2.918146e-006 
 8.700000e-001  8.700000e-001  8.700000e-001  6.000000e-001  8.700000e-001  2.793262e-006 
 8.800000e-001  8.800000e-001  8.800000e-001  6.000000e-001  8.800000e-001  2.670594e-006 
 8.900000e-001  8.900000e-001  8.900000e-001  6.000000e-001  8.900000e-001  2.549325e-006 
 9.000000e-001  9.000000e-001  9.000000e-001  6.000000e-001  9.000000e-001  2.428281e-006 
 9.100000e-001  9.100000e-001  9.100000e-001  6.000000e-001  9.100000e-001  2.305705e-006 
 9.200000e-001  9.200000e-001  9.200000e-001  6.000000e-001  9.200000e-001  2.178863e-006 
 9.300000e-001  9.300000e-001  9.300000e-001  6.000000e-001  9.300000e-001  2.043422e-006 
 9.400000e-001  9.400000e-001  9.400000e-001  6.000000e-001  9.400000e-001  1.892572e-006 
 9.500000e-001  9.500000e-001  9.500000e-001  6.000000e-001  9.500000e-001  1.716200e-006 
 0.000000e+000  0.000000e+000  0.000000e+000  7.000000e-001  0.000000e+000  8.976336e-006 
 1.000000e-002  1.000000e-002  1.000000e-002  7.000000e-001  1.000000e-002  8.603632e-006 
 2.000000e-002  2.000000e-002  2.000000e-002  7.000000e-001  2.000000e-002  8.263852e-006 
 3.000000e-002  3.000000e-002  3.000000e-002  7.000000e-001  3.000000e-002  7.931080e-006 
 4.000000e-002  4.000000e-002  4.000000e-002  7.000000e-001  4.000000e-002  7.612921e-006 
 5.000000e-002  5.000000e-002  5.000000e-002  7.000000e-001  5.000000e-002  7.308652e-006 
 6.000000e-002  6.000000e-002  6.000000e-002  7.000000e-001  6.000000e-002  7.017585e-006 
 7.000000e-002  7.000000e-002  7.000000e-002  7.000000e-001  7.000000e-002  6.739069e-006 
 8.000000e-002  8.000000e-002  8.000000e-002  7.000000e-001  8.000000e-002  6.472487e-006 
 9.000000e-002  9.000000e-002  9.000000e-002  7.000000e-001  9.000000e-002  6.217254e-006 
 1.000000e-001  1.000000e-001  1.000000e-001  7.000000e-001  1.000000e-001  5.972818e-006 
 1.100000e-001  1.100000e-001  1.100000e-001  7.000000e-001  1.100000e-001  5.738653e-006 
 1.200000e-001  1.200000e-001  1.200000e-001  7.000000e-001  1.200000e-001  5.514265e-006 
 1.300000e-001  1.300000e-001  1.300000e-001  7.000000e-001  1.300000e-001  5.299184e-006 
 1.400000e-001  1.400000e-001  1.400000e-001  7.000000e-001  1.400000e-001  5.092966e-006 
 1.500000e-001  1.500000e-001  1.500000e-001  7.000000e-001  1.500000e-001  4.895190e-006 
 1.600000e-001  1.600000e-001  1.600000e-001  7.000000e-001  1.600000e-001  4.705460e-006 
 1.700000e-001  1.700000e-001  1.700000e-001  7.000000e-001  1.700000e-001  4.523400e-006 
 1.800000e-001  1.800000e-001  1.800000e-001  7.000000e-001  1.800000e-001  4.348655e-006 
 1.900000e-001  1.900000e-001  1.900000e-001  7.000000e-001  1.900000e-001  4.180888e-006 
 2.000000e-001  2.000000e-001  2.000000e-001  7.000000e-001  2.000000e-001  4.019781e-006 
 2.100000e-001  2.100000e-001  2.100000e-001  7.000000e-001  2.100000e-001  3.865034e-006 
 2.200000e-001  2.200000e-001  2.200000e-001  7.000000e-001  2.200000e-001  3.716363e-006 
 2.300000e-001  2.300000e-001  2.300000e-001  7.000000e-001  2.300000e-001  3.573498e-006 
 2.400000e-001  2.400000e-001  2.400000e-001  7.000000e-001  2.400000e-001  3.436184e-006 
 2.500000e-001  2.500000e-001  2.500000e-001  7.000000e-001  2.500000e-001  3.304181e-006 
 2.600000e-001  2.600000e-001  2.600000e-001  7.000000e-001  2.600000e-001  3.177260e-006 
 2.700000e-001  2.700000e-001  2.700000e-001  7.000000e-001  2.700000e-001  3.055205e-006 
 2.800000e-001  2.800000e-001  2.800000e-001  7.000000e-001  2.800000e-001  2.937812e-006 
 2.900000e-001  2.900000e-001  2.900000e-001  7.000000e-001  2.900000e-001  2.824885e-006 
 3.000000e-001  3.000000e-001  3.000000e-001  7.000000e-001  3.000000e-001  2.716241e-006 
 3.100000e-001  3.100000e-001  3.100000e-001  7.000000e-001  3.100000e-001  2.611704e-006 
 3.200000e-001  3.200000e-001  3.200000e-001  7.000000e-001  3.200000e-001  2.511110e-006 
 3.300000e-001  3.300000e-001  3.300000e-001  7.000000e-001  3.300000e-001  2.414300e-006 
 3.400000e-001  3.400000e-001  3.400000e-001  7.000000e-001  3.400000e-001  2.321124e-006 
 3.500000e-001  3.500000e-001  3.500000e-001  7.000000e-001  3.500000e-001  2.231439e-006 
 3.600000e-001  3.600000e-001  3.600000e-001  7.000000e-001  3.600000e-001  2.145110e-006 
 3.700000e-001  3.700000e-001  3.700000e-001  7.000000e-001  3.700000e-001  2.062008e-006 
 3.800000e-001  3.800000e-001  3.800000e-001  7.000000e-001  3.800000e-001  1.982008e-006 
 3.900000e-001  3.900000e-001  3.900000e-001  7.000000e-001  3.900000e-001  1.904993e-006 
 4.000000e-001  4.000000e-001  4.000000e-001  7.000000e-001  4.000000e-001  1.830851e-006 
 4.100000e-001  4.100000e-001  4.100000e-001  7.000000e-001  4.100000e-001  1.759475e-006 
 4.200000e-001  4.200000e-001  4.200000e-001  7.000000e-001  4.200000e-001  1.690760e-006 
 4.300000e-001  4.300000e-001  4.300000e-001  7.000000e-001  4.300000e-001  1.624609e-006 
 4.400000e-001  4.400000e-001  4.400000e-001  7.000000e-001  4.400000e-001  1.560928e-006 
 4.500000e-001  4.500000e-001  4.500000e-001  7.000000e-001  4.500000e-001  1.499625e-006 
 4.600000e-001  4.600000e-001  4.600000e-001  7.000000e-001  4.600000e-001  1.440615e-006 
 4.700000e-001  4.700000e-001  4.700000e-001  7.000000e-001  4.700000e-001  1.383813e-006 
 4.800000e-001  4.800000e-001  4.800000e-001  7.000000e-001  4.800000e-001  1.329140e-006 
 4.900000e-001  4.900000e-001  4.900000e-001  7.000000e-001  4.900000e-001  1.276518e-006 
 5.000000e-001  5.000000e-001  5.000000e-001  7.000000e-001  5.000000e-001  1.225873e-006 
 5.100000e-001  5.100000e-001  5.100000e-001  7.000000e-001  5.100000e-001  1.177134e-006 
 5.200000e-001  5.200000e-001  5.200000e-001  7.000000e-001  5.200000e-001  1.130232e-006 
 5.300000e-001  5.300000e-001  5.300000e-001  7.000000e-001  5.300000e-001  1.085101e-006 
 5.400000e-001  5.400000e-001  5.400000e-001  7.000000e-001  5.400000e-001  1.041675e-006 
 5.500000e-001  5.500000e-001  5.500000e-001  7.000000e-001  5.500000e-001  9.998952e-007 
 5.600000e-001  5.600000e-001  5.600000e-001  7.000000e-001  5.600000e-001  9.597001e-007 
 5.700000e-001  5.700000e-001  5.700000e-001  7.000000e-001  5.700000e-001  9.210328e-007 
 5.800000e-001  5.800000e-001  5.800000e-001  7.000000e-001  5.800000e-001  8.838376e-007 
 5.900000e-001  5.900000e-001  5.900000e-001  7.000000e-001  5.900000e-001  8.480610e-007 
 6.000000e-001  6.000000e-001  6.000000e-001  7.000000e-001  6.000000e-001  8.136511e-007 
 6.100000e-001  6.100000e-001  6.100000e-001  7.000000e-001  6.100000e-001  7.805578e-007 
 6.200000e-001  6.200000e-001  6.200000e-001  7.000000e-001  6.200000e-001  7.487329e-007 
 6.300000e-001  6.300000e-001  6.300000e-001  7.000000e-001  6.300000e-001  7.181294e-007 
 6.400000e-001  6.400000e-001  6.400000e-001  7.000000e-001  6.400000e-001  6.887024e-007 
 6.500000e-001  6.500000e-001  6.500000e-001  7.000000e-001  6.500000e-001  6.604079e-007 
 6.600000e-001  6.600000e-001  6.600000e-001  7.000000e-001  6.600000e-001  6.332039e-007 
 6.700000e-001  6.700000e-001  6.700000e-001  7.000000e-001  6.700000e-001  6.070495e-007 
 6.800000e-001  6.800000e-001  6.800000e-001  7.000000e-001  6.800000e-001  5.819051e-007 
 6.900000e-001  6.900000e-001  6.900000e-001  7.000000e-001  6.900000e-001  5.577326e-007 
 7.000000e-001  7.000000e-001  7.000000e-001  7.000000e-001  7.000000e-001  5.344949e-007 
 7.100000e-001  7.100000e-001  7.100000e-001  7.000000e-001  7.100000e-001  5.121562e-007 
 7.200000e-001  7.200000e-001  7.200000e-001  7.000000e-001  7.200000e-001  4.906818e-007 
 7.300000e-001  7.300000e-001  7.300000e-001  7.000000e-001  7.300000e-001  4.700380e-007 
 7.400000e-001  7.400000e-001  7.400000e-001  7.000000e-001  7.400000e-001  4.501922e-007 
 7.500000e-001  7.500000e-001  7.500000e-001  7.000000e-001  7.500000e-001  4.311125e-007 
 7.600000e-001  7.600000e-001  7.600000e-001  7.000000e-001  7.600000e-001  4.127680e-007 
 7.700000e-001  7.700000e-001  7.700000e-001  7.000000e-001  7.700000e-001  3.951284e-007 
 7.800000e-001  7.800000e-001  7.800000e-001  7.000000e-001  7.800000e-001  3.781642e-007 
 7.900000e-001  7.900000e-001  7.900000e-001  7.000000e-001  7.900000e-001  3.618460e-007 
 8.000000e-001  8.000000e-001  8.000000e-001  7.000000e-001  8.000000e-001  3.461451e-007 
 8.100000e-001  8.100000e-001  8.100000e-001  7.000000e-001  8.100000e-001  3.310326e-007 
 8.200000e-001  8.200000e-001  8.200000e-001  7.000000e-001  8.200000e-001  3.164795e-007 
 8.300000e-001  8.300000e-001  8.300000e-001  7.000000e-001  8.300000e-001  3.024558e-007 
 8.400000e-001  8.400000e-001  8.400000e-001  7.000000e-001  8.400000e-001  2.889304e-007 
 8.500000e-001  8.500000e-001  8.500000e-001  7.000000e-001  8.500000e-001  2.758701e-007 
 8.600000e-001  8.600000e-001  8.600000e-001  7.000000e-001  8.600000e-001  2.632377e-007 
 8.700000e-001  8.700000e-001  8.700000e-001  7.000000e-001  8.700000e-001  2.509905e-007 
 8.800000e-001  8.800000e-001  8.800000e-001  7.000000e-001  8.800000e-001  2.390768e-007 
 8.900000e-001  8.900000e-001  8.900000e-001  7.000000e-001  8.900000e-001  2.274298e-007 
 9.000000e-001  9.000000e-001  9.000000e-001  7.000000e-001  9.000000e-001  2.159582e-007 
 9.100000e-001  9.100000e-001  9.100000e-001  7.000000e-001  9.100000e-001  2.045295e-007 
 9.200000e-001  9.200000e-001  9.200000e-001  7.000000e-001  9.200000e-001  1.929391e-007 
 9.300000e-001  9.300000e-001  9.300000e-001  7.000000e-001  9.300000e-001  1.808579e-007 
 9.400000e-001  9.400000e-001  9.400000e-001  7.000000e-001  9.400000e-001  1.677440e-007 
 9.500000e-001  9.500000e-001  9.500000e-001  7.000000e-001  9.500000e-001  1.527231e-007 
