 0.000000e+000  0.000000e+000  0.000000e+000  0.000000e+000  0.000000e+000  4.264729e-004 
 1.000000e-002  0.000000e+000  1.000000e-002  1.000000e-002  1.000000e-002  4.189959e-004 
 2.000000e-002  0.000000e+000  2.000000e-002  2.000000e-002  2.000000e-002  4.115185e-004 
 3.000000e-002  0.000000e+000  3.000000e-002  3.000000e-002  3.000000e-002  4.040415e-004 
 4.000000e-002  0.000000e+000  4.000000e-002  4.000000e-002  4.000000e-002  3.965653e-004 
 5.000000e-002  0.000000e+000  5.000000e-002  5.000000e-002  5.000000e-002  3.890906e-004 
 6.000000e-002  0.000000e+000  6.000000e-002  6.000000e-002  6.000000e-002  3.816178e-004 
 7.000000e-002  0.000000e+000  7.000000e-002  7.000000e-002  7.000000e-002  3.741478e-004 
 8.000000e-002  0.000000e+000  8.000000e-002  8.000000e-002  8.000000e-002  3.666810e-004 
 9.000000e-002  0.000000e+000  9.000000e-002  9.000000e-002  9.000000e-002  3.592181e-004 
 1.000000e-001  0.000000e+000  1.000000e-001  1.000000e-001  1.000000e-001  3.517597e-004 
 1.100000e-001  0.000000e+000  1.100000e-001  1.100000e-001  1.100000e-001  3.443065e-004 
 1.200000e-001  0.000000e+000  1.200000e-001  1.200000e-001  1.200000e-001  3.368592e-004 
 1.300000e-001  0.000000e+000  1.300000e-001  1.300000e-001  1.300000e-001  3.294185e-004 
 1.400000e-001  0.000000e+000  1.400000e-001  1.400000e-001  1.400000e-001  3.219850e-004 
 1.500000e-001  0.000000e+000  1.500000e-001  1.500000e-001  1.500000e-001  3.145595e-004 
 1.600000e-001  0.000000e+000  1.600000e-001  1.600000e-001  1.600000e-001  3.071427e-004 
 1.700000e-001  0.000000e+000  1.700000e-001  1.700000e-001  1.700000e-001  2.997354e-004 
 1.800000e-001  0.000000e+000  1.800000e-001  1.800000e-001  1.800000e-001  2.923384e-004 
 1.900000e-001  0.000000e+000  1.900000e-001  1.900000e-001  1.900000e-001  2.849525e-004 
 2.000000e-001  0.000000e+000  2.000000e-001  2.000000e-001  2.000000e-001  2.775784e-004 
 2.100000e-001  0.000000e+000  2.100000e-001  2.100000e-001  2.100000e-001  2.702172e-004 
 2.200000e-001  0.000000e+000  2.200000e-001  2.200000e-001  2.200000e-001  2.628696e-004 
 2.300000e-001  0.000000e+000  2.300000e-001  2.300000e-001  2.300000e-001  2.555367e-004 
 2.400000e-001  0.000000e+000  2.400000e-001  2.400000e-001  2.400000e-001  2.482195e-004 
 2.500000e-001  0.000000e+000  2.500000e-001  2.500000e-001  2.500000e-001  2.409191e-004 
 2.600000e-001  0.000000e+000  2.600000e-001  2.600000e-001  2.600000e-001  2.336365e-004 
 2.700000e-001  0.000000e+000  2.700000e-001  2.700000e-001  2.700000e-001  2.263730e-004 
 2.800000e-001  0.000000e+000  2.800000e-001  2.800000e-001  2.800000e-001  2.191299e-004 
 2.900000e-001  0.000000e+000  2.900000e-001  2.900000e-001  2.900000e-001  2.119086e-004 
 3.000000e-001  0.000000e+000  3.000000e-001  3.000000e-001  3.000000e-001  2.047108e-004 
 3.100000e-001  0.000000e+000  3.100000e-001  3.100000e-001  3.100000e-001  1.975380e-004 
 3.200000e-001  0.000000e+000  3.200000e-001  3.200000e-001  3.200000e-001  1.903922e-004 
 3.300000e-001  0.000000e+000  3.300000e-001  3.300000e-001  3.300000e-001  1.832755e-004 
 3.400000e-001  0.000000e+000  3.400000e-001  3.400000e-001  3.400000e-001  1.761902e-004 
 3.500000e-001  0.000000e+000  3.500000e-001  3.500000e-001  3.500000e-001  1.691388e-004 
 3.600000e-001  0.000000e+000  3.600000e-001  3.600000e-001  3.600000e-001  1.621242e-004 
 3.700000e-001  0.000000e+000  3.700000e-001  3.700000e-001  3.700000e-001  1.551499e-004 
 3.800000e-001  0.000000e+000  3.800000e-001  3.800000e-001  3.800000e-001  1.482193e-004 
 3.900000e-001  0.000000e+000  3.900000e-001  3.900000e-001  3.900000e-001  1.413367e-004 
 4.000000e-001  0.000000e+000  4.000000e-001  4.000000e-001  4.000000e-001  1.345069e-004 
 4.100000e-001  0.000000e+000  4.100000e-001  4.100000e-001  4.100000e-001  1.277350e-004 
 4.200000e-001  0.000000e+000  4.200000e-001  4.200000e-001  4.200000e-001  1.210273e-004 
 4.300000e-001  0.000000e+000  4.300000e-001  4.300000e-001  4.300000e-001  1.143904e-004 
 4.400000e-001  0.000000e+000  4.400000e-001  4.400000e-001  4.400000e-001  1.078320e-004 
 4.500000e-001  0.000000e+000  4.500000e-001  4.500000e-001  4.500000e-001  1.013608e-004 
 4.600000e-001  0.000000e+000  4.600000e-001  4.600000e-001  4.600000e-001  9.498627e-005 
 4.700000e-001  0.000000e+000  4.700000e-001  4.700000e-001  4.700000e-001  8.871926e-005 
 4.800000e-001  0.000000e+000  4.800000e-001  4.800000e-001  4.800000e-001  8.257158e-005 
 4.900000e-001  0.000000e+000  4.900000e-001  4.900000e-001  4.900000e-001  7.655625e-005 
 5.000000e-001  0.000000e+000  5.000000e-001  5.000000e-001  5.000000e-001  7.068744e-005 
 5.100000e-001  0.000000e+000  5.100000e-001  5.100000e-001  5.100000e-001  6.498040e-005 
 5.200000e-001  0.000000e+000  5.200000e-001  5.200000e-001  5.200000e-001  5.945132e-005 
 5.300000e-001  0.000000e+000  5.300000e-001  5.300000e-001  5.300000e-001  5.411718e-005 
 5.400000e-001  0.000000e+000  5.400000e-001  5.400000e-001  5.400000e-001  4.899540e-005 
 5.500000e-001  0.000000e+000  5.500000e-001  5.500000e-001  5.500000e-001  4.410348e-005 
 5.600000e-001  0.000000e+000  5.600000e-001  5.600000e-001  5.600000e-001  3.945851e-005 
 5.700000e-001  0.000000e+000  5.700000e-001  5.700000e-001  5.700000e-001  3.507659e-005 
 5.800000e-001  0.000000e+000  5.800000e-001  5.800000e-001  5.800000e-001  3.097216e-005 
 5.900000e-001  0.000000e+000  5.900000e-001  5.900000e-001  5.900000e-001  2.715731e-005 
 6.000000e-001  0.000000e+000  6.000000e-001  6.000000e-001  6.000000e-001  2.364109e-005 
 6.100000e-001  0.000000e+000  6.100000e-001  6.100000e-001  6.100000e-001  2.042886e-005 
 6.200000e-001  0.000000e+000  6.200000e-001  6.200000e-001  6.200000e-001  1.752178e-005 
 6.300000e-001  0.000000e+000  6.300000e-001  6.300000e-001  6.300000e-001  1.491651e-005 
 6.400000e-001  0.000000e+000  6.400000e-001  6.400000e-001  6.400000e-001  1.260513e-005 
 6.500000e-001  0.000000e+000  6.500000e-001  6.500000e-001  6.500000e-001  1.057531e-005 
 6.600000e-001  0.000000e+000  6.600000e-001  6.600000e-001  6.600000e-001  8.810849e-006 
 6.700000e-001  0.000000e+000  6.700000e-001  6.700000e-001  6.700000e-001  7.292334e-006 
 6.800000e-001  0.000000e+000  6.800000e-001  6.800000e-001  6.800000e-001  5.998058e-006 
 6.900000e-001  0.000000e+000  6.900000e-001  6.900000e-001  6.900000e-001  4.904980e-006 
 7.000000e-001  0.000000e+000  7.000000e-001  7.000000e-001  7.000000e-001  3.989688e-006 
 7.100000e-001  0.000000e+000  7.100000e-001  7.100000e-001  7.100000e-001  3.229262e-006 
 7.200000e-001  0.000000e+000  7.200000e-001  7.200000e-001  7.200000e-001  2.601976e-006 
 7.300000e-001  0.000000e+000  7.300000e-001  7.300000e-001  7.300000e-001  2.087811e-006 
 7.400000e-001  0.000000e+000  7.400000e-001  7.400000e-001  7.400000e-001  1.668762e-006 
 7.500000e-001  0.000000e+000  7.500000e-001  7.500000e-001  7.500000e-001  1.328969e-006 
 7.600000e-001  0.000000e+000  7.600000e-001  7.600000e-001  7.600000e-001  1.054710e-006 
 7.700000e-001  0.000000e+000  7.700000e-001  7.700000e-001  7.700000e-001  8.342782e-007 
 7.800000e-001  0.000000e+000  7.800000e-001  7.800000e-001  7.800000e-001  6.578068e-007 
 7.900000e-001  0.000000e+000  7.900000e-001  7.900000e-001  7.900000e-001  5.170578e-007 
 8.000000e-001  0.000000e+000  8.000000e-001  8.000000e-001  8.000000e-001  4.052054e-007 
 8.100000e-001  0.000000e+000  8.100000e-001  8.100000e-001  8.100000e-001  3.166297e-007 
 8.200000e-001  0.000000e+000  8.200000e-001  8.200000e-001  8.200000e-001  2.467283e-007 
 8.300000e-001  0.000000e+000  8.300000e-001  8.300000e-001  8.300000e-001  1.917497e-007 
 8.400000e-001  0.000000e+000  8.400000e-001  8.400000e-001  8.400000e-001  1.486500e-007 
 8.500000e-001  0.000000e+000  8.500000e-001  8.500000e-001  8.500000e-001  1.149696e-007 
 8.600000e-001  0.000000e+000  8.600000e-001  8.600000e-001  8.600000e-001  8.873034e-008 
 8.700000e-001  0.000000e+000  8.700000e-001  8.700000e-001  8.700000e-001  6.834752e-008 
 8.800000e-001  0.000000e+000  8.800000e-001  8.800000e-001  8.800000e-001  5.255760e-008 
 8.900000e-001  0.000000e+000  8.900000e-001  8.900000e-001  8.900000e-001  4.035729e-008 
 9.000000e-001  0.000000e+000  9.000000e-001  9.000000e-001  9.000000e-001  3.095337e-008 
 9.100000e-001  0.000000e+000  9.100000e-001  9.100000e-001  9.100000e-001  2.372125e-008 
 9.200000e-001  0.000000e+000  9.200000e-001  9.200000e-001  9.200000e-001  1.817107e-008 
 9.300000e-001  0.000000e+000  9.300000e-001  9.300000e-001  9.300000e-001  1.392004e-008 
 9.400000e-001  0.000000e+000  9.400000e-001  9.400000e-001  9.400000e-001  1.067011e-008 
 9.500000e-001  0.000000e+000  9.500000e-001  9.500000e-001  9.500000e-001  8.189899e-009 
 9.600000e-001  0.000000e+000  9.600000e-001  9.600000e-001  9.600000e-001  6.300364e-009 
 9.700000e-001  0.000000e+000  9.700000e-001  9.700000e-001  9.700000e-001  4.863307e-009 
 9.800000e-001  0.000000e+000  9.800000e-001  9.800000e-001  9.800000e-001  3.772329e-009 
 9.900000e-001  0.000000e+000  9.900000e-001  9.900000e-001  9.900000e-001  2.945690e-009 
 1.000000e+000  0.000000e+000  1.000000e+000  1.000000e+000  1.000000e+000  2.320720e-009 
 0.000000e+000  9.500000e-001  0.000000e+000  0.000000e+000  0.000000e+000  5.268677e-005 
 1.000000e-002  9.500000e-001  1.000000e-002  1.000000e-002  1.000000e-002  5.214416e-005 
 2.000000e-002  9.500000e-001  2.000000e-002  2.000000e-002  2.000000e-002  5.157708e-005 
 3.000000e-002  9.500000e-001  3.000000e-002  3.000000e-002  3.000000e-002  5.100332e-005 
 4.000000e-002  9.500000e-001  4.000000e-002  4.000000e-002  4.000000e-002  5.041642e-005 
 5.000000e-002  9.500000e-001  5.000000e-002  5.000000e-002  5.000000e-002  4.981597e-005 
 6.000000e-002  9.500000e-001  6.000000e-002  6.000000e-002  6.000000e-002  4.920154e-005 
 7.000000e-002  9.500000e-001  7.000000e-002  7.000000e-002  7.000000e-002  4.857268e-005 
 8.000000e-002  9.500000e-001  8.000000e-002  8.000000e-002  8.000000e-002  4.792894e-005 
 9.000000e-002  9.500000e-001  9.000000e-002  9.000000e-002  9.000000e-002  4.726982e-005 
 1.000000e-001  9.500000e-001  1.000000e-001  1.000000e-001  1.000000e-001  4.659483e-005 
 1.100000e-001  9.500000e-001  1.100000e-001  1.100000e-001  1.100000e-001  4.590345e-005 
 1.200000e-001  9.500000e-001  1.200000e-001  1.200000e-001  1.200000e-001  4.519514e-005 
 1.300000e-001  9.500000e-001  1.300000e-001  1.300000e-001  1.300000e-001  4.446935e-005 
 1.400000e-001  9.500000e-001  1.400000e-001  1.400000e-001  1.400000e-001  4.372549e-005 
 1.500000e-001  9.500000e-001  1.500000e-001  1.500000e-001  1.500000e-001  4.296299e-005 
 1.600000e-001  9.500000e-001  1.600000e-001  1.600000e-001  1.600000e-001  4.218123e-005 
 1.700000e-001  9.500000e-001  1.700000e-001  1.700000e-001  1.700000e-001  4.137958e-005 
 1.800000e-001  9.500000e-001  1.800000e-001  1.800000e-001  1.800000e-001  4.055742e-005 
 1.900000e-001  9.500000e-001  1.900000e-001  1.900000e-001  1.900000e-001  3.971409e-005 
 2.000000e-001  9.500000e-001  2.000000e-001  2.000000e-001  2.000000e-001  3.884896e-005 
 2.100000e-001  9.500000e-001  2.100000e-001  2.100000e-001  2.100000e-001  3.796137e-005 
 2.200000e-001  9.500000e-001  2.200000e-001  2.200000e-001  2.200000e-001  3.705068e-005 
 2.300000e-001  9.500000e-001  2.300000e-001  2.300000e-001  2.300000e-001  3.611629e-005 
 2.400000e-001  9.500000e-001  2.400000e-001  2.400000e-001  2.400000e-001  3.515760e-005 
 2.500000e-001  9.500000e-001  2.500000e-001  2.500000e-001  2.500000e-001  3.417407e-005 
 2.600000e-001  9.500000e-001  2.600000e-001  2.600000e-001  2.600000e-001  3.316523e-005 
 2.700000e-001  9.500000e-001  2.700000e-001  2.700000e-001  2.700000e-001  3.213069e-005 
 2.800000e-001  9.500000e-001  2.800000e-001  2.800000e-001  2.800000e-001  3.107018e-005 
 2.900000e-001  9.500000e-001  2.900000e-001  2.900000e-001  2.900000e-001  2.998358e-005 
 3.000000e-001  9.500000e-001  3.000000e-001  3.000000e-001  3.000000e-001  2.887096e-005 
 3.100000e-001  9.500000e-001  3.100000e-001  3.100000e-001  3.100000e-001  2.773261e-005 
 3.200000e-001  9.500000e-001  3.200000e-001  3.200000e-001  3.200000e-001  2.656914e-005 
 3.300000e-001  9.500000e-001  3.300000e-001  3.300000e-001  3.300000e-001  2.538148e-005 
 3.400000e-001  9.500000e-001  3.400000e-001  3.400000e-001  3.400000e-001  2.417098e-005 
 3.500000e-001  9.500000e-001  3.500000e-001  3.500000e-001  3.500000e-001  2.293950e-005 
 3.600000e-001  9.500000e-001  3.600000e-001  3.600000e-001  3.600000e-001  2.168947e-005 
 3.700000e-001  9.500000e-001  3.700000e-001  3.700000e-001  3.700000e-001  2.042395e-005 
 3.800000e-001  9.500000e-001  3.800000e-001  3.800000e-001  3.800000e-001  1.914674e-005 
 3.900000e-001  9.500000e-001  3.900000e-001  3.900000e-001  3.900000e-001  1.786245e-005 
 4.000000e-001  9.500000e-001  4.000000e-001  4.000000e-001  4.000000e-001  1.657653e-005 
 4.100000e-001  9.500000e-001  4.100000e-001  4.100000e-001  4.100000e-001  1.529529e-005 
 4.200000e-001  9.500000e-001  4.200000e-001  4.200000e-001  4.200000e-001  1.402590e-005 
 4.300000e-001  9.500000e-001  4.300000e-001  4.300000e-001  4.300000e-001  1.277633e-005 
 4.400000e-001  9.500000e-001  4.400000e-001  4.400000e-001  4.400000e-001  1.155517e-005 
 4.500000e-001  9.500000e-001  4.500000e-001  4.500000e-001  4.500000e-001  1.037147e-005 
 4.600000e-001  9.500000e-001  4.600000e-001  4.600000e-001  4.600000e-001  9.234448e-006 
 4.700000e-001  9.500000e-001  4.700000e-001  4.700000e-001  4.700000e-001  8.153092e-006 
 4.800000e-001  9.500000e-001  4.800000e-001  4.800000e-001  4.800000e-001  7.135779e-006 
 4.900000e-001  9.500000e-001  4.900000e-001  4.900000e-001  4.900000e-001  6.189806e-006 
 5.000000e-001  9.500000e-001  5.000000e-001  5.000000e-001  5.000000e-001  5.320961e-006 
 5.100000e-001  9.500000e-001  5.100000e-001  5.100000e-001  5.100000e-001  4.533147e-006 
 5.200000e-001  9.500000e-001  5.200000e-001  5.200000e-001  5.200000e-001  3.828139e-006 
 5.300000e-001  9.500000e-001  5.300000e-001  5.300000e-001  5.300000e-001  3.205496e-006 
 5.400000e-001  9.500000e-001  5.400000e-001  5.400000e-001  5.400000e-001  2.662661e-006 
 5.500000e-001  9.500000e-001  5.500000e-001  5.500000e-001  5.500000e-001  2.195246e-006 
 5.600000e-001  9.500000e-001  5.600000e-001  5.600000e-001  5.600000e-001  1.797435e-006 
 5.700000e-001  9.500000e-001  5.700000e-001  5.700000e-001  5.700000e-001  1.462474e-006 
 5.800000e-001  9.500000e-001  5.800000e-001  5.800000e-001  5.800000e-001  1.183149e-006 
 5.900000e-001  9.500000e-001  5.900000e-001  5.900000e-001  5.900000e-001  9.522202e-007 
 6.000000e-001  9.500000e-001  6.000000e-001  6.000000e-001  6.000000e-001  7.627479e-007 
 6.100000e-001  9.500000e-001  6.100000e-001  6.100000e-001  6.100000e-001  6.083281e-007 
 6.200000e-001  9.500000e-001  6.200000e-001  6.200000e-001  6.200000e-001  4.832194e-007 
 6.300000e-001  9.500000e-001  6.300000e-001  6.300000e-001  6.300000e-001  3.823939e-007 
 6.400000e-001  9.500000e-001  6.400000e-001  6.400000e-001  6.400000e-001  3.015284e-007 
 6.500000e-001  9.500000e-001  6.500000e-001  6.500000e-001  6.500000e-001  2.369589e-007 
 6.600000e-001  9.500000e-001  6.600000e-001  6.600000e-001  6.600000e-001  1.856156e-007 
 6.700000e-001  9.500000e-001  6.700000e-001  6.700000e-001  6.700000e-001  1.449502e-007 
 6.800000e-001  9.500000e-001  6.800000e-001  6.800000e-001  6.800000e-001  1.128630e-007 
 6.900000e-001  9.500000e-001  6.900000e-001  6.900000e-001  6.900000e-001  8.763565e-008 
 7.000000e-001  9.500000e-001  7.000000e-001  7.000000e-001  7.000000e-001  6.786974e-008 
 7.100000e-001  9.500000e-001  7.100000e-001  7.100000e-001  7.100000e-001  5.243363e-008 
 7.200000e-001  9.500000e-001  7.200000e-001  7.200000e-001  7.200000e-001  4.041621e-008 
 7.300000e-001  9.500000e-001  7.300000e-001  7.300000e-001  7.300000e-001  3.108761e-008 
 7.400000e-001  9.500000e-001  7.400000e-001  7.400000e-001  7.400000e-001  2.386594e-008 
 7.500000e-001  9.500000e-001  7.500000e-001  7.500000e-001  7.500000e-001  1.828947e-008 
 7.600000e-001  9.500000e-001  7.600000e-001  7.600000e-001  7.600000e-001  1.399344e-008 
 7.700000e-001  9.500000e-001  7.700000e-001  7.700000e-001  7.700000e-001  1.069090e-008 
 7.800000e-001  9.500000e-001  7.800000e-001  7.800000e-001  7.800000e-001  8.157054e-009 
 7.900000e-001  9.500000e-001  7.900000e-001  7.900000e-001  7.900000e-001  6.216387e-009 
 8.000000e-001  9.500000e-001  8.000000e-001  8.000000e-001  8.000000e-001  4.732383e-009 
 8.100000e-001  9.500000e-001  8.100000e-001  8.100000e-001  8.100000e-001  3.599220e-009 
 8.200000e-001  9.500000e-001  8.200000e-001  8.200000e-001  8.200000e-001  2.735072e-009 
 8.300000e-001  9.500000e-001  8.300000e-001  8.300000e-001  8.300000e-001  2.076831e-009 
 8.400000e-001  9.500000e-001  8.400000e-001  8.400000e-001  8.400000e-001  1.575948e-009 
 8.500000e-001  9.500000e-001  8.500000e-001  8.500000e-001  8.500000e-001  1.195153e-009 
 8.600000e-001  9.500000e-001  8.600000e-001  8.600000e-001  8.600000e-001  9.058885e-010 
 8.700000e-001  9.500000e-001  8.700000e-001  8.700000e-001  8.700000e-001  6.863123e-010 
 8.800000e-001  9.500000e-001  8.800000e-001  8.800000e-001  8.800000e-001  5.197431e-010 
 8.900000e-001  9.500000e-001  8.900000e-001  8.900000e-001  8.900000e-001  3.934580e-010 
 9.000000e-001  9.500000e-001  9.000000e-001  9.000000e-001  9.000000e-001  2.977653e-010 
 9.100000e-001  9.500000e-001  9.100000e-001  9.100000e-001  9.100000e-001  2.252899e-010 
 9.200000e-001  9.500000e-001  9.200000e-001  9.200000e-001  9.200000e-001  1.704248e-010 
 9.300000e-001  9.500000e-001  9.300000e-001  9.300000e-001  9.300000e-001  1.289109e-010 
 9.400000e-001  9.500000e-001  9.400000e-001  9.400000e-001  9.400000e-001  9.751536e-011 
 9.500000e-001  9.500000e-001  9.500000e-001  9.500000e-001  9.500000e-001  7.378576e-011 
 9.600000e-001  9.500000e-001  9.600000e-001  9.600000e-001  9.600000e-001  5.586294e-011 
 9.700000e-001  9.500000e-001  9.700000e-001  9.700000e-001  9.700000e-001  4.233813e-011 
 9.800000e-001  9.500000e-001  9.800000e-001  9.800000e-001  9.800000e-001  3.214438e-011 
 9.900000e-001  9.500000e-001  9.900000e-001  9.900000e-001  9.900000e-001  2.447394e-011 
 1.000000e+000  9.500000e-001  1.000000e+000  1.000000e+000  1.000000e+000  1.871558e-011 
