 0.000000e+000  0.000000e+000  0.000000e+000  0.000000e+000  0.000000e+000  4.264729e-004 
 1.000000e-002  1.000000e-002  1.000000e-002  0.000000e+000  1.000000e-002  4.245707e-004 
 2.000000e-002  2.000000e-002  2.000000e-002  0.000000e+000  2.000000e-002  4.226796e-004 
 3.000000e-002  3.000000e-002  3.000000e-002  0.000000e+000  3.000000e-002  4.207896e-004 
 4.000000e-002  4.000000e-002  4.000000e-002  0.000000e+000  4.000000e-002  4.189030e-004 
 5.000000e-002  5.000000e-002  5.000000e-002  0.000000e+000  5.000000e-002  4.170187e-004 
 6.000000e-002  6.000000e-002  6.000000e-002  0.000000e+000  6.000000e-002  4.151361e-004 
 7.000000e-002  7.000000e-002  7.000000e-002  0.000000e+000  7.000000e-002  4.132545e-004 
 8.000000e-002  8.000000e-002  8.000000e-002  0.000000e+000  8.000000e-002  4.113732e-004 
 9.000000e-002  9.000000e-002  9.000000e-002  0.000000e+000  9.000000e-002  4.094918e-004 
 1.000000e-001  1.000000e-001  1.000000e-001  0.000000e+000  1.000000e-001  4.076096e-004 
 1.100000e-001  1.100000e-001  1.100000e-001  0.000000e+000  1.100000e-001  4.057262e-004 
 1.200000e-001  1.200000e-001  1.200000e-001  0.000000e+000  1.200000e-001  4.038411e-004 
 1.300000e-001  1.300000e-001  1.300000e-001  0.000000e+000  1.300000e-001  4.019539e-004 
 1.400000e-001  1.400000e-001  1.400000e-001  0.000000e+000  1.400000e-001  4.000642e-004 
 1.500000e-001  1.500000e-001  1.500000e-001  0.000000e+000  1.500000e-001  3.981717e-004 
 1.600000e-001  1.600000e-001  1.600000e-001  0.000000e+000  1.600000e-001  3.962759e-004 
 1.700000e-001  1.700000e-001  1.700000e-001  0.000000e+000  1.700000e-001  3.943764e-004 
 1.800000e-001  1.800000e-001  1.800000e-001  0.000000e+000  1.800000e-001  3.924729e-004 
 1.900000e-001  1.900000e-001  1.900000e-001  0.000000e+000  1.900000e-001  3.905650e-004 
 2.000000e-001  2.000000e-001  2.000000e-001  0.000000e+000  2.000000e-001  3.886522e-004 
 2.100000e-001  2.100000e-001  2.100000e-001  0.000000e+000  2.100000e-001  3.867343e-004 
 2.200000e-001  2.200000e-001  2.200000e-001  0.000000e+000  2.200000e-001  3.848106e-004 
 2.300000e-001  2.300000e-001  2.300000e-001  0.000000e+000  2.300000e-001  3.828808e-004 
 2.400000e-001  2.400000e-001  2.400000e-001  0.000000e+000  2.400000e-001  3.809444e-004 
 2.500000e-001  2.500000e-001  2.500000e-001  0.000000e+000  2.500000e-001  3.790007e-004 
 2.600000e-001  2.600000e-001  2.600000e-001  0.000000e+000  2.600000e-001  3.770493e-004 
 2.700000e-001  2.700000e-001  2.700000e-001  0.000000e+000  2.700000e-001  3.750894e-004 
 2.800000e-001  2.800000e-001  2.800000e-001  0.000000e+000  2.800000e-001  3.731204e-004 
 2.900000e-001  2.900000e-001  2.900000e-001  0.000000e+000  2.900000e-001  3.711415e-004 
 3.000000e-001  3.000000e-001  3.000000e-001  0.000000e+000  3.000000e-001  3.691519e-004 
 3.100000e-001  3.100000e-001  3.100000e-001  0.000000e+000  3.100000e-001  3.671506e-004 
 3.200000e-001  3.200000e-001  3.200000e-001  0.000000e+000  3.200000e-001  3.651367e-004 
 3.300000e-001  3.300000e-001  3.300000e-001  0.000000e+000  3.300000e-001  3.631090e-004 
 3.400000e-001  3.400000e-001  3.400000e-001  0.000000e+000  3.400000e-001  3.610664e-004 
 3.500000e-001  3.500000e-001  3.500000e-001  0.000000e+000  3.500000e-001  3.590074e-004 
 3.600000e-001  3.600000e-001  3.600000e-001  0.000000e+000  3.600000e-001  3.569306e-004 
 3.700000e-001  3.700000e-001  3.700000e-001  0.000000e+000  3.700000e-001  3.548342e-004 
 3.800000e-001  3.800000e-001  3.800000e-001  0.000000e+000  3.800000e-001  3.527166e-004 
 3.900000e-001  3.900000e-001  3.900000e-001  0.000000e+000  3.900000e-001  3.505755e-004 
 4.000000e-001  4.000000e-001  4.000000e-001  0.000000e+000  4.000000e-001  3.484086e-004 
 4.100000e-001  4.100000e-001  4.100000e-001  0.000000e+000  4.100000e-001  3.462135e-004 
 4.200000e-001  4.200000e-001  4.200000e-001  0.000000e+000  4.200000e-001  3.439873e-004 
 4.300000e-001  4.300000e-001  4.300000e-001  0.000000e+000  4.300000e-001  3.417267e-004 
 4.400000e-001  4.400000e-001  4.400000e-001  0.000000e+000  4.400000e-001  3.394282e-004 
 4.500000e-001  4.500000e-001  4.500000e-001  0.000000e+000  4.500000e-001  3.370878e-004 
 4.600000e-001  4.600000e-001  4.600000e-001  0.000000e+000  4.600000e-001  3.347010e-004 
 4.700000e-001  4.700000e-001  4.700000e-001  0.000000e+000  4.700000e-001  3.322629e-004 
 4.800000e-001  4.800000e-001  4.800000e-001  0.000000e+000  4.800000e-001  3.297680e-004 
 4.900000e-001  4.900000e-001  4.900000e-001  0.000000e+000  4.900000e-001  3.272103e-004 
 5.000000e-001  5.000000e-001  5.000000e-001  0.000000e+000  5.000000e-001  3.245830e-004 
 5.100000e-001  5.100000e-001  5.100000e-001  0.000000e+000  5.100000e-001  3.218791e-004 
 5.200000e-001  5.200000e-001  5.200000e-001  0.000000e+000  5.200000e-001  3.190907e-004 
 5.300000e-001  5.300000e-001  5.300000e-001  0.000000e+000  5.300000e-001  3.162096e-004 
 5.400000e-001  5.400000e-001  5.400000e-001  0.000000e+000  5.400000e-001  3.132273e-004 
 5.500000e-001  5.500000e-001  5.500000e-001  0.000000e+000  5.500000e-001  3.101349e-004 
 5.600000e-001  5.600000e-001  5.600000e-001  0.000000e+000  5.600000e-001  3.069235e-004 
 5.700000e-001  5.700000e-001  5.700000e-001  0.000000e+000  5.700000e-001  3.035847e-004 
 5.800000e-001  5.800000e-001  5.800000e-001  0.000000e+000  5.800000e-001  3.001102e-004 
 5.900000e-001  5.900000e-001  5.900000e-001  0.000000e+000  5.900000e-001  2.964925e-004 
 6.000000e-001  6.000000e-001  6.000000e-001  0.000000e+000  6.000000e-001  2.927249e-004 
 6.100000e-001  6.100000e-001  6.100000e-001  0.000000e+000  6.100000e-001  2.888018e-004 
 6.200000e-001  6.200000e-001  6.200000e-001  0.000000e+000  6.200000e-001  2.847186e-004 
 6.300000e-001  6.300000e-001  6.300000e-001  0.000000e+000  6.300000e-001  2.804716e-004 
 6.400000e-001  6.400000e-001  6.400000e-001  0.000000e+000  6.400000e-001  2.760581e-004 
 6.500000e-001  6.500000e-001  6.500000e-001  0.000000e+000  6.500000e-001  2.714761e-004 
 6.600000e-001  6.600000e-001  6.600000e-001  0.000000e+000  6.600000e-001  2.667243e-004 
 6.700000e-001  6.700000e-001  6.700000e-001  0.000000e+000  6.700000e-001  2.618019e-004 
 6.800000e-001  6.800000e-001  6.800000e-001  0.000000e+000  6.800000e-001  2.567084e-004 
 6.900000e-001  6.900000e-001  6.900000e-001  0.000000e+000  6.900000e-001  2.514433e-004 
 7.000000e-001  7.000000e-001  7.000000e-001  0.000000e+000  7.000000e-001  2.460066e-004 
 7.100000e-001  7.100000e-001  7.100000e-001  0.000000e+000  7.100000e-001  2.403980e-004 
 7.200000e-001  7.200000e-001  7.200000e-001  0.000000e+000  7.200000e-001  2.346174e-004 
 7.300000e-001  7.300000e-001  7.300000e-001  0.000000e+000  7.300000e-001  2.286644e-004 
 7.400000e-001  7.400000e-001  7.400000e-001  0.000000e+000  7.400000e-001  2.225388e-004 
 7.500000e-001  7.500000e-001  7.500000e-001  0.000000e+000  7.500000e-001  2.162402e-004 
 7.600000e-001  7.600000e-001  7.600000e-001  0.000000e+000  7.600000e-001  2.097681e-004 
 7.700000e-001  7.700000e-001  7.700000e-001  0.000000e+000  7.700000e-001  2.031218e-004 
 7.800000e-001  7.800000e-001  7.800000e-001  0.000000e+000  7.800000e-001  1.963009e-004 
 7.900000e-001  7.900000e-001  7.900000e-001  0.000000e+000  7.900000e-001  1.893045e-004 
 8.000000e-001  8.000000e-001  8.000000e-001  0.000000e+000  8.000000e-001  1.821318e-004 
 8.100000e-001  8.100000e-001  8.100000e-001  0.000000e+000  8.100000e-001  1.747820e-004 
 8.200000e-001  8.200000e-001  8.200000e-001  0.000000e+000  8.200000e-001  1.672541e-004 
 8.300000e-001  8.300000e-001  8.300000e-001  0.000000e+000  8.300000e-001  1.595472e-004 
 8.400000e-001  8.400000e-001  8.400000e-001  0.000000e+000  8.400000e-001  1.516603e-004 
 8.500000e-001  8.500000e-001  8.500000e-001  0.000000e+000  8.500000e-001  1.435922e-004 
 8.600000e-001  8.600000e-001  8.600000e-001  0.000000e+000  8.600000e-001  1.353418e-004 
 8.700000e-001  8.700000e-001  8.700000e-001  0.000000e+000  8.700000e-001  1.269081e-004 
 8.800000e-001  8.800000e-001  8.800000e-001  0.000000e+000  8.800000e-001  1.182898e-004 
 8.900000e-001  8.900000e-001  8.900000e-001  0.000000e+000  8.900000e-001  1.094856e-004 
 9.000000e-001  9.000000e-001  9.000000e-001  0.000000e+000  9.000000e-001  1.004944e-004 
 9.100000e-001  9.100000e-001  9.100000e-001  0.000000e+000  9.100000e-001  9.131487e-005 
 9.200000e-001  9.200000e-001  9.200000e-001  0.000000e+000  9.200000e-001  8.194568e-005 
 9.300000e-001  9.300000e-001  9.300000e-001  0.000000e+000  9.300000e-001  7.238551e-005 
 9.400000e-001  9.400000e-001  9.400000e-001  0.000000e+000  9.400000e-001  6.263300e-005 
 9.500000e-001  9.500000e-001  9.500000e-001  0.000000e+000  9.500000e-001  5.268677e-005 
 0.000000e+000  0.000000e+000  0.000000e+000  1.000000e-001  0.000000e+000  3.517597e-004 
 1.000000e-002  1.000000e-002  1.000000e-002  1.000000e-001  1.000000e-002  3.499226e-004 
 2.000000e-002  2.000000e-002  2.000000e-002  1.000000e-001  2.000000e-002  3.481106e-004 
 3.000000e-002  3.000000e-002  3.000000e-002  1.000000e-001  3.000000e-002  3.463027e-004 
 4.000000e-002  4.000000e-002  4.000000e-002  1.000000e-001  4.000000e-002  3.445042e-004 
 5.000000e-002  5.000000e-002  5.000000e-002  1.000000e-001  5.000000e-002  3.427140e-004 
 6.000000e-002  6.000000e-002  6.000000e-002  1.000000e-001  6.000000e-002  3.409308e-004 
 7.000000e-002  7.000000e-002  7.000000e-002  1.000000e-001  7.000000e-002  3.391539e-004 
 8.000000e-002  8.000000e-002  8.000000e-002  1.000000e-001  8.000000e-002  3.373822e-004 
 9.000000e-002  9.000000e-002  9.000000e-002  1.000000e-001  9.000000e-002  3.356150e-004 
 1.000000e-001  1.000000e-001  1.000000e-001  1.000000e-001  1.000000e-001  3.338515e-004 
 1.100000e-001  1.100000e-001  1.100000e-001  1.000000e-001  1.100000e-001  3.320911e-004 
 1.200000e-001  1.200000e-001  1.200000e-001  1.000000e-001  1.200000e-001  3.303331e-004 
 1.300000e-001  1.300000e-001  1.300000e-001  1.000000e-001  1.300000e-001  3.285771e-004 
 1.400000e-001  1.400000e-001  1.400000e-001  1.000000e-001  1.400000e-001  3.268224e-004 
 1.500000e-001  1.500000e-001  1.500000e-001  1.000000e-001  1.500000e-001  3.250687e-004 
 1.600000e-001  1.600000e-001  1.600000e-001  1.000000e-001  1.600000e-001  3.233155e-004 
 1.700000e-001  1.700000e-001  1.700000e-001  1.000000e-001  1.700000e-001  3.215624e-004 
 1.800000e-001  1.800000e-001  1.800000e-001  1.000000e-001  1.800000e-001  3.198092e-004 
 1.900000e-001  1.900000e-001  1.900000e-001  1.000000e-001  1.900000e-001  3.180554e-004 
 2.000000e-001  2.000000e-001  2.000000e-001  1.000000e-001  2.000000e-001  3.163007e-004 
 2.100000e-001  2.100000e-001  2.100000e-001  1.000000e-001  2.100000e-001  3.145450e-004 
 2.200000e-001  2.200000e-001  2.200000e-001  1.000000e-001  2.200000e-001  3.127877e-004 
 2.300000e-001  2.300000e-001  2.300000e-001  1.000000e-001  2.300000e-001  3.110288e-004 
 2.400000e-001  2.400000e-001  2.400000e-001  1.000000e-001  2.400000e-001  3.092678e-004 
 2.500000e-001  2.500000e-001  2.500000e-001  1.000000e-001  2.500000e-001  3.075045e-004 
 2.600000e-001  2.600000e-001  2.600000e-001  1.000000e-001  2.600000e-001  3.057387e-004 
 2.700000e-001  2.700000e-001  2.700000e-001  1.000000e-001  2.700000e-001  3.039699e-004 
 2.800000e-001  2.800000e-001  2.800000e-001  1.000000e-001  2.800000e-001  3.021978e-004 
 2.900000e-001  2.900000e-001  2.900000e-001  1.000000e-001  2.900000e-001  3.004222e-004 
 3.000000e-001  3.000000e-001  3.000000e-001  1.000000e-001  3.000000e-001  2.986426e-004 
 3.100000e-001  3.100000e-001  3.100000e-001  1.000000e-001  3.100000e-001  2.968586e-004 
 3.200000e-001  3.200000e-001  3.200000e-001  1.000000e-001  3.200000e-001  2.950698e-004 
 3.300000e-001  3.300000e-001  3.300000e-001  1.000000e-001  3.300000e-001  2.932756e-004 
 3.400000e-001  3.400000e-001  3.400000e-001  1.000000e-001  3.400000e-001  2.914757e-004 
 3.500000e-001  3.500000e-001  3.500000e-001  1.000000e-001  3.500000e-001  2.896693e-004 
 3.600000e-001  3.600000e-001  3.600000e-001  1.000000e-001  3.600000e-001  2.878559e-004 
 3.700000e-001  3.700000e-001  3.700000e-001  1.000000e-001  3.700000e-001  2.860348e-004 
 3.800000e-001  3.800000e-001  3.800000e-001  1.000000e-001  3.800000e-001  2.842052e-004 
 3.900000e-001  3.900000e-001  3.900000e-001  1.000000e-001  3.900000e-001  2.823662e-004 
 4.000000e-001  4.000000e-001  4.000000e-001  1.000000e-001  4.000000e-001  2.805170e-004 
 4.100000e-001  4.100000e-001  4.100000e-001  1.000000e-001  4.100000e-001  2.786564e-004 
 4.200000e-001  4.200000e-001  4.200000e-001  1.000000e-001  4.200000e-001  2.767834e-004 
 4.300000e-001  4.300000e-001  4.300000e-001  1.000000e-001  4.300000e-001  2.748966e-004 
 4.400000e-001  4.400000e-001  4.400000e-001  1.000000e-001  4.400000e-001  2.729946e-004 
 4.500000e-001  4.500000e-001  4.500000e-001  1.000000e-001  4.500000e-001  2.710758e-004 
 4.600000e-001  4.600000e-001  4.600000e-001  1.000000e-001  4.600000e-001  2.691382e-004 
 4.700000e-001  4.700000e-001  4.700000e-001  1.000000e-001  4.700000e-001  2.671800e-004 
 4.800000e-001  4.800000e-001  4.800000e-001  1.000000e-001  4.800000e-001  2.651987e-004 
 4.900000e-001  4.900000e-001  4.900000e-001  1.000000e-001  4.900000e-001  2.631919e-004 
 5.000000e-001  5.000000e-001  5.000000e-001  1.000000e-001  5.000000e-001  2.611564e-004 
 5.100000e-001  5.100000e-001  5.100000e-001  1.000000e-001  5.100000e-001  2.590890e-004 
 5.200000e-001  5.200000e-001  5.200000e-001  1.000000e-001  5.200000e-001  2.569860e-004 
 5.300000e-001  5.300000e-001  5.300000e-001  1.000000e-001  5.300000e-001  2.548430e-004 
 5.400000e-001  5.400000e-001  5.400000e-001  1.000000e-001  5.400000e-001  2.526553e-004 
 5.500000e-001  5.500000e-001  5.500000e-001  1.000000e-001  5.500000e-001  2.504175e-004 
 5.600000e-001  5.600000e-001  5.600000e-001  1.000000e-001  5.600000e-001  2.481234e-004 
 5.700000e-001  5.700000e-001  5.700000e-001  1.000000e-001  5.700000e-001  2.457663e-004 
 5.800000e-001  5.800000e-001  5.800000e-001  1.000000e-001  5.800000e-001  2.433388e-004 
 5.900000e-001  5.900000e-001  5.900000e-001  1.000000e-001  5.900000e-001  2.408327e-004 
 6.000000e-001  6.000000e-001  6.000000e-001  1.000000e-001  6.000000e-001  2.382391e-004 
 6.100000e-001  6.100000e-001  6.100000e-001  1.000000e-001  6.100000e-001  2.355488e-004 
 6.200000e-001  6.200000e-001  6.200000e-001  1.000000e-001  6.200000e-001  2.327519e-004 
 6.300000e-001  6.300000e-001  6.300000e-001  1.000000e-001  6.300000e-001  2.298387e-004 
 6.400000e-001  6.400000e-001  6.400000e-001  1.000000e-001  6.400000e-001  2.267992e-004 
 6.500000e-001  6.500000e-001  6.500000e-001  1.000000e-001  6.500000e-001  2.236243e-004 
 6.600000e-001  6.600000e-001  6.600000e-001  1.000000e-001  6.600000e-001  2.203052e-004 
 6.700000e-001  6.700000e-001  6.700000e-001  1.000000e-001  6.700000e-001  2.168342e-004 
 6.800000e-001  6.800000e-001  6.800000e-001  1.000000e-001  6.800000e-001  2.132046e-004 
 6.900000e-001  6.900000e-001  6.900000e-001  1.000000e-001  6.900000e-001  2.094108e-004 
 7.000000e-001  7.000000e-001  7.000000e-001  1.000000e-001  7.000000e-001  2.054483e-004 
 7.100000e-001  7.100000e-001  7.100000e-001  1.000000e-001  7.100000e-001  2.013135e-004 
 7.200000e-001  7.200000e-001  7.200000e-001  1.000000e-001  7.200000e-001  1.970038e-004 
 7.300000e-001  7.300000e-001  7.300000e-001  1.000000e-001  7.300000e-001  1.925170e-004 
 7.400000e-001  7.400000e-001  7.400000e-001  1.000000e-001  7.400000e-001  1.878514e-004 
 7.500000e-001  7.500000e-001  7.500000e-001  1.000000e-001  7.500000e-001  1.830058e-004 
 7.600000e-001  7.600000e-001  7.600000e-001  1.000000e-001  7.600000e-001  1.779791e-004 
 7.700000e-001  7.700000e-001  7.700000e-001  1.000000e-001  7.700000e-001  1.727702e-004 
 7.800000e-001  7.800000e-001  7.800000e-001  1.000000e-001  7.800000e-001  1.673782e-004 
 7.900000e-001  7.900000e-001  7.900000e-001  1.000000e-001  7.900000e-001  1.618022e-004 
 8.000000e-001  8.000000e-001  8.000000e-001  1.000000e-001  8.000000e-001  1.560411e-004 
 8.100000e-001  8.100000e-001  8.100000e-001  1.000000e-001  8.100000e-001  1.500939e-004 
 8.200000e-001  8.200000e-001  8.200000e-001  1.000000e-001  8.200000e-001  1.439597e-004 
 8.300000e-001  8.300000e-001  8.300000e-001  1.000000e-001  8.300000e-001  1.376371e-004 
 8.400000e-001  8.400000e-001  8.400000e-001  1.000000e-001  8.400000e-001  1.311251e-004 
 8.500000e-001  8.500000e-001  8.500000e-001  1.000000e-001  8.500000e-001  1.244224e-004 
 8.600000e-001  8.600000e-001  8.600000e-001  1.000000e-001  8.600000e-001  1.175276e-004 
 8.700000e-001  8.700000e-001  8.700000e-001  1.000000e-001  8.700000e-001  1.104395e-004 
 8.800000e-001  8.800000e-001  8.800000e-001  1.000000e-001  8.800000e-001  1.031565e-004 
 8.900000e-001  8.900000e-001  8.900000e-001  1.000000e-001  8.900000e-001  9.567738e-005 
 9.000000e-001  9.000000e-001  9.000000e-001  1.000000e-001  9.000000e-001  8.800048e-005 
 9.100000e-001  9.100000e-001  9.100000e-001  1.000000e-001  9.100000e-001  8.012431e-005 
 9.200000e-001  9.200000e-001  9.200000e-001  1.000000e-001  9.200000e-001  7.204728e-005 
 9.300000e-001  9.300000e-001  9.300000e-001  1.000000e-001  9.300000e-001  6.376780e-005 
 9.400000e-001  9.400000e-001  9.400000e-001  1.000000e-001  9.400000e-001  5.528421e-005 
 9.500000e-001  9.500000e-001  9.500000e-001  1.000000e-001  9.500000e-001  4.659483e-005 
 0.000000e+000  0.000000e+000  0.000000e+000  2.000000e-001  0.000000e+000  2.775784e-004 
 1.000000e-002  1.000000e-002  1.000000e-002  2.000000e-001  1.000000e-002  2.757904e-004 
 2.000000e-002  2.000000e-002  2.000000e-002  2.000000e-001  2.000000e-002  2.740420e-004 
 3.000000e-002  3.000000e-002  3.000000e-002  2.000000e-001  3.000000e-002  2.723009e-004 
 4.000000e-002  4.000000e-002  4.000000e-002  2.000000e-001  4.000000e-002  2.705759e-004 
 5.000000e-002  5.000000e-002  5.000000e-002  2.000000e-001  5.000000e-002  2.688655e-004 
 6.000000e-002  6.000000e-002  6.000000e-002  2.000000e-001  6.000000e-002  2.671683e-004 
 7.000000e-002  7.000000e-002  7.000000e-002  2.000000e-001  7.000000e-002  2.654830e-004 
 8.000000e-002  8.000000e-002  8.000000e-002  2.000000e-001  8.000000e-002  2.638086e-004 
 9.000000e-002  9.000000e-002  9.000000e-002  2.000000e-001  9.000000e-002  2.621438e-004 
 1.000000e-001  1.000000e-001  1.000000e-001  2.000000e-001  1.000000e-001  2.604878e-004 
 1.100000e-001  1.100000e-001  1.100000e-001  2.000000e-001  1.100000e-001  2.588396e-004 
 1.200000e-001  1.200000e-001  1.200000e-001  2.000000e-001  1.200000e-001  2.571984e-004 
 1.300000e-001  1.300000e-001  1.300000e-001  2.000000e-001  1.300000e-001  2.555634e-004 
 1.400000e-001  1.400000e-001  1.400000e-001  2.000000e-001  1.400000e-001  2.539339e-004 
 1.500000e-001  1.500000e-001  1.500000e-001  2.000000e-001  1.500000e-001  2.523093e-004 
 1.600000e-001  1.600000e-001  1.600000e-001  2.000000e-001  1.600000e-001  2.506891e-004 
 1.700000e-001  1.700000e-001  1.700000e-001  2.000000e-001  1.700000e-001  2.490727e-004 
 1.800000e-001  1.800000e-001  1.800000e-001  2.000000e-001  1.800000e-001  2.474597e-004 
 1.900000e-001  1.900000e-001  1.900000e-001  2.000000e-001  1.900000e-001  2.458497e-004 
 2.000000e-001  2.000000e-001  2.000000e-001  2.000000e-001  2.000000e-001  2.442422e-004 
 2.100000e-001  2.100000e-001  2.100000e-001  2.000000e-001  2.100000e-001  2.426369e-004 
 2.200000e-001  2.200000e-001  2.200000e-001  2.000000e-001  2.200000e-001  2.410336e-004 
 2.300000e-001  2.300000e-001  2.300000e-001  2.000000e-001  2.300000e-001  2.394319e-004 
 2.400000e-001  2.400000e-001  2.400000e-001  2.000000e-001  2.400000e-001  2.378316e-004 
 2.500000e-001  2.500000e-001  2.500000e-001  2.000000e-001  2.500000e-001  2.362325e-004 
 2.600000e-001  2.600000e-001  2.600000e-001  2.000000e-001  2.600000e-001  2.346343e-004 
 2.700000e-001  2.700000e-001  2.700000e-001  2.000000e-001  2.700000e-001  2.330368e-004 
 2.800000e-001  2.800000e-001  2.800000e-001  2.000000e-001  2.800000e-001  2.314399e-004 
 2.900000e-001  2.900000e-001  2.900000e-001  2.000000e-001  2.900000e-001  2.298433e-004 
 3.000000e-001  3.000000e-001  3.000000e-001  2.000000e-001  3.000000e-001  2.282468e-004 
 3.100000e-001  3.100000e-001  3.100000e-001  2.000000e-001  3.100000e-001  2.266503e-004 
 3.200000e-001  3.200000e-001  3.200000e-001  2.000000e-001  3.200000e-001  2.250535e-004 
 3.300000e-001  3.300000e-001  3.300000e-001  2.000000e-001  3.300000e-001  2.234563e-004 
 3.400000e-001  3.400000e-001  3.400000e-001  2.000000e-001  3.400000e-001  2.218584e-004 
 3.500000e-001  3.500000e-001  3.500000e-001  2.000000e-001  3.500000e-001  2.202596e-004 
 3.600000e-001  3.600000e-001  3.600000e-001  2.000000e-001  3.600000e-001  2.186597e-004 
 3.700000e-001  3.700000e-001  3.700000e-001  2.000000e-001  3.700000e-001  2.170583e-004 
 3.800000e-001  3.800000e-001  3.800000e-001  2.000000e-001  3.800000e-001  2.154553e-004 
 3.900000e-001  3.900000e-001  3.900000e-001  2.000000e-001  3.900000e-001  2.138502e-004 
 4.000000e-001  4.000000e-001  4.000000e-001  2.000000e-001  4.000000e-001  2.122428e-004 
 4.100000e-001  4.100000e-001  4.100000e-001  2.000000e-001  4.100000e-001  2.106326e-004 
 4.200000e-001  4.200000e-001  4.200000e-001  2.000000e-001  4.200000e-001  2.090192e-004 
 4.300000e-001  4.300000e-001  4.300000e-001  2.000000e-001  4.300000e-001  2.074023e-004 
 4.400000e-001  4.400000e-001  4.400000e-001  2.000000e-001  4.400000e-001  2.057811e-004 
 4.500000e-001  4.500000e-001  4.500000e-001  2.000000e-001  4.500000e-001  2.041553e-004 
 4.600000e-001  4.600000e-001  4.600000e-001  2.000000e-001  4.600000e-001  2.025242e-004 
 4.700000e-001  4.700000e-001  4.700000e-001  2.000000e-001  4.700000e-001  2.008870e-004 
 4.800000e-001  4.800000e-001  4.800000e-001  2.000000e-001  4.800000e-001  1.992430e-004 
 4.900000e-001  4.900000e-001  4.900000e-001  2.000000e-001  4.900000e-001  1.975913e-004 
 5.000000e-001  5.000000e-001  5.000000e-001  2.000000e-001  5.000000e-001  1.959308e-004 
 5.100000e-001  5.100000e-001  5.100000e-001  2.000000e-001  5.100000e-001  1.942606e-004 
 5.200000e-001  5.200000e-001  5.200000e-001  2.000000e-001  5.200000e-001  1.925792e-004 
 5.300000e-001  5.300000e-001  5.300000e-001  2.000000e-001  5.300000e-001  1.908852e-004 
 5.400000e-001  5.400000e-001  5.400000e-001  2.000000e-001  5.400000e-001  1.891771e-004 
 5.500000e-001  5.500000e-001  5.500000e-001  2.000000e-001  5.500000e-001  1.874529e-004 
 5.600000e-001  5.600000e-001  5.600000e-001  2.000000e-001  5.600000e-001  1.857105e-004 
 5.700000e-001  5.700000e-001  5.700000e-001  2.000000e-001  5.700000e-001  1.839474e-004 
 5.800000e-001  5.800000e-001  5.800000e-001  2.000000e-001  5.800000e-001  1.821609e-004 
 5.900000e-001  5.900000e-001  5.900000e-001  2.000000e-001  5.900000e-001  1.803476e-004 
 6.000000e-001  6.000000e-001  6.000000e-001  2.000000e-001  6.000000e-001  1.785038e-004 
 6.100000e-001  6.100000e-001  6.100000e-001  2.000000e-001  6.100000e-001  1.766253e-004 
 6.200000e-001  6.200000e-001  6.200000e-001  2.000000e-001  6.200000e-001  1.747071e-004 
 6.300000e-001  6.300000e-001  6.300000e-001  2.000000e-001  6.300000e-001  1.727435e-004 
 6.400000e-001  6.400000e-001  6.400000e-001  2.000000e-001  6.400000e-001  1.707281e-004 
 6.500000e-001  6.500000e-001  6.500000e-001  2.000000e-001  6.500000e-001  1.686534e-004 
 6.600000e-001  6.600000e-001  6.600000e-001  2.000000e-001  6.600000e-001  1.665113e-004 
 6.700000e-001  6.700000e-001  6.700000e-001  2.000000e-001  6.700000e-001  1.642926e-004 
 6.800000e-001  6.800000e-001  6.800000e-001  2.000000e-001  6.800000e-001  1.619872e-004 
 6.900000e-001  6.900000e-001  6.900000e-001  2.000000e-001  6.900000e-001  1.595847e-004 
 7.000000e-001  7.000000e-001  7.000000e-001  2.000000e-001  7.000000e-001  1.570737e-004 
 7.100000e-001  7.100000e-001  7.100000e-001  2.000000e-001  7.100000e-001  1.544431e-004 
 7.200000e-001  7.200000e-001  7.200000e-001  2.000000e-001  7.200000e-001  1.516818e-004 
 7.300000e-001  7.300000e-001  7.300000e-001  2.000000e-001  7.300000e-001  1.487793e-004 
 7.400000e-001  7.400000e-001  7.400000e-001  2.000000e-001  7.400000e-001  1.457263e-004 
 7.500000e-001  7.500000e-001  7.500000e-001  2.000000e-001  7.500000e-001  1.425142e-004 
 7.600000e-001  7.600000e-001  7.600000e-001  2.000000e-001  7.600000e-001  1.391358e-004 
 7.700000e-001  7.700000e-001  7.700000e-001  2.000000e-001  7.700000e-001  1.355852e-004 
 7.800000e-001  7.800000e-001  7.800000e-001  2.000000e-001  7.800000e-001  1.318575e-004 
 7.900000e-001  7.900000e-001  7.900000e-001  2.000000e-001  7.900000e-001  1.279485e-004 
 8.000000e-001  8.000000e-001  8.000000e-001  2.000000e-001  8.000000e-001  1.238551e-004 
 8.100000e-001  8.100000e-001  8.100000e-001  2.000000e-001  8.100000e-001  1.195744e-004 
 8.200000e-001  8.200000e-001  8.200000e-001  2.000000e-001  8.200000e-001  1.151040e-004 
 8.300000e-001  8.300000e-001  8.300000e-001  2.000000e-001  8.300000e-001  1.104418e-004 
 8.400000e-001  8.400000e-001  8.400000e-001  2.000000e-001  8.400000e-001  1.055858e-004 
 8.500000e-001  8.500000e-001  8.500000e-001  2.000000e-001  8.500000e-001  1.005341e-004 
 8.600000e-001  8.600000e-001  8.600000e-001  2.000000e-001  8.600000e-001  9.528493e-005 
 8.700000e-001  8.700000e-001  8.700000e-001  2.000000e-001  8.700000e-001  8.983642e-005 
 8.800000e-001  8.800000e-001  8.800000e-001  2.000000e-001  8.800000e-001  8.418676e-005 
 8.900000e-001  8.900000e-001  8.900000e-001  2.000000e-001  8.900000e-001  7.833412e-005 
 9.000000e-001  9.000000e-001  9.000000e-001  2.000000e-001  9.000000e-001  7.227664e-005 
 9.100000e-001  9.100000e-001  9.100000e-001  2.000000e-001  9.100000e-001  6.601241e-005 
 9.200000e-001  9.200000e-001  9.200000e-001  2.000000e-001  9.200000e-001  5.953952e-005 
 9.300000e-001  9.300000e-001  9.300000e-001  2.000000e-001  9.300000e-001  5.285599e-005 
 9.400000e-001  9.400000e-001  9.400000e-001  2.000000e-001  9.400000e-001  4.595982e-005 
 9.500000e-001  9.500000e-001  9.500000e-001  2.000000e-001  9.500000e-001  3.884896e-005 
 0.000000e+000  0.000000e+000  0.000000e+000  3.000000e-001  0.000000e+000  2.047108e-004 
 1.000000e-002  1.000000e-002  1.000000e-002  3.000000e-001  1.000000e-002  2.029825e-004 
 2.000000e-002  2.000000e-002  2.000000e-002  3.000000e-001  2.000000e-002  2.013060e-004 
 3.000000e-002  3.000000e-002  3.000000e-002  3.000000e-001  3.000000e-002  1.996398e-004 
 4.000000e-002  4.000000e-002  4.000000e-002  3.000000e-001  4.000000e-002  1.979953e-004 
 5.000000e-002  5.000000e-002  5.000000e-002  3.000000e-001  5.000000e-002  1.963712e-004 
 6.000000e-002  6.000000e-002  6.000000e-002  3.000000e-001  6.000000e-002  1.947658e-004 
 7.000000e-002  7.000000e-002  7.000000e-002  3.000000e-001  7.000000e-002  1.931777e-004 
 8.000000e-002  8.000000e-002  8.000000e-002  3.000000e-001  8.000000e-002  1.916057e-004 
 9.000000e-002  9.000000e-002  9.000000e-002  3.000000e-001  9.000000e-002  1.900486e-004 
 1.000000e-001  1.000000e-001  1.000000e-001  3.000000e-001  1.000000e-001  1.885050e-004 
 1.100000e-001  1.100000e-001  1.100000e-001  3.000000e-001  1.100000e-001  1.869741e-004 
 1.200000e-001  1.200000e-001  1.200000e-001  3.000000e-001  1.200000e-001  1.854548e-004 
 1.300000e-001  1.300000e-001  1.300000e-001  3.000000e-001  1.300000e-001  1.839462e-004 
 1.400000e-001  1.400000e-001  1.400000e-001  3.000000e-001  1.400000e-001  1.824474e-004 
 1.500000e-001  1.500000e-001  1.500000e-001  3.000000e-001  1.500000e-001  1.809577e-004 
 1.600000e-001  1.600000e-001  1.600000e-001  3.000000e-001  1.600000e-001  1.794763e-004 
 1.700000e-001  1.700000e-001  1.700000e-001  3.000000e-001  1.700000e-001  1.780026e-004 
 1.800000e-001  1.800000e-001  1.800000e-001  3.000000e-001  1.800000e-001  1.765360e-004 
 1.900000e-001  1.900000e-001  1.900000e-001  3.000000e-001  1.900000e-001  1.750760e-004 
 2.000000e-001  2.000000e-001  2.000000e-001  3.000000e-001  2.000000e-001  1.736220e-004 
 2.100000e-001  2.100000e-001  2.100000e-001  3.000000e-001  2.100000e-001  1.721737e-004 
 2.200000e-001  2.200000e-001  2.200000e-001  3.000000e-001  2.200000e-001  1.707306e-004 
 2.300000e-001  2.300000e-001  2.300000e-001  3.000000e-001  2.300000e-001  1.692923e-004 
 2.400000e-001  2.400000e-001  2.400000e-001  3.000000e-001  2.400000e-001  1.678586e-004 
 2.500000e-001  2.500000e-001  2.500000e-001  3.000000e-001  2.500000e-001  1.664292e-004 
 2.600000e-001  2.600000e-001  2.600000e-001  3.000000e-001  2.600000e-001  1.650039e-004 
 2.700000e-001  2.700000e-001  2.700000e-001  3.000000e-001  2.700000e-001  1.635823e-004 
 2.800000e-001  2.800000e-001  2.800000e-001  3.000000e-001  2.800000e-001  1.621643e-004 
 2.900000e-001  2.900000e-001  2.900000e-001  3.000000e-001  2.900000e-001  1.607498e-004 
 3.000000e-001  3.000000e-001  3.000000e-001  3.000000e-001  3.000000e-001  1.593385e-004 
 3.100000e-001  3.100000e-001  3.100000e-001  3.000000e-001  3.100000e-001  1.579304e-004 
 3.200000e-001  3.200000e-001  3.200000e-001  3.000000e-001  3.200000e-001  1.565253e-004 
 3.300000e-001  3.300000e-001  3.300000e-001  3.000000e-001  3.300000e-001  1.551230e-004 
 3.400000e-001  3.400000e-001  3.400000e-001  3.000000e-001  3.400000e-001  1.537236e-004 
 3.500000e-001  3.500000e-001  3.500000e-001  3.000000e-001  3.500000e-001  1.523268e-004 
 3.600000e-001  3.600000e-001  3.600000e-001  3.000000e-001  3.600000e-001  1.509326e-004 
 3.700000e-001  3.700000e-001  3.700000e-001  3.000000e-001  3.700000e-001  1.495409e-004 
 3.800000e-001  3.800000e-001  3.800000e-001  3.000000e-001  3.800000e-001  1.481515e-004 
 3.900000e-001  3.900000e-001  3.900000e-001  3.000000e-001  3.900000e-001  1.467644e-004 
 4.000000e-001  4.000000e-001  4.000000e-001  3.000000e-001  4.000000e-001  1.453795e-004 
 4.100000e-001  4.100000e-001  4.100000e-001  3.000000e-001  4.100000e-001  1.439967e-004 
 4.200000e-001  4.200000e-001  4.200000e-001  3.000000e-001  4.200000e-001  1.426158e-004 
 4.300000e-001  4.300000e-001  4.300000e-001  3.000000e-001  4.300000e-001  1.412367e-004 
 4.400000e-001  4.400000e-001  4.400000e-001  3.000000e-001  4.400000e-001  1.398593e-004 
 4.500000e-001  4.500000e-001  4.500000e-001  3.000000e-001  4.500000e-001  1.384834e-004 
 4.600000e-001  4.600000e-001  4.600000e-001  3.000000e-001  4.600000e-001  1.371088e-004 
 4.700000e-001  4.700000e-001  4.700000e-001  3.000000e-001  4.700000e-001  1.357354e-004 
 4.800000e-001  4.800000e-001  4.800000e-001  3.000000e-001  4.800000e-001  1.343630e-004 
 4.900000e-001  4.900000e-001  4.900000e-001  3.000000e-001  4.900000e-001  1.329913e-004 
 5.000000e-001  5.000000e-001  5.000000e-001  3.000000e-001  5.000000e-001  1.316200e-004 
 5.100000e-001  5.100000e-001  5.100000e-001  3.000000e-001  5.100000e-001  1.302488e-004 
 5.200000e-001  5.200000e-001  5.200000e-001  3.000000e-001  5.200000e-001  1.288775e-004 
 5.300000e-001  5.300000e-001  5.300000e-001  3.000000e-001  5.300000e-001  1.275057e-004 
 5.400000e-001  5.400000e-001  5.400000e-001  3.000000e-001  5.400000e-001  1.261329e-004 
 5.500000e-001  5.500000e-001  5.500000e-001  3.000000e-001  5.500000e-001  1.247586e-004 
 5.600000e-001  5.600000e-001  5.600000e-001  3.000000e-001  5.600000e-001  1.233824e-004 
 5.700000e-001  5.700000e-001  5.700000e-001  3.000000e-001  5.700000e-001  1.220036e-004 
 5.800000e-001  5.800000e-001  5.800000e-001  3.000000e-001  5.800000e-001  1.206216e-004 
 5.900000e-001  5.900000e-001  5.900000e-001  3.000000e-001  5.900000e-001  1.192354e-004 
 6.000000e-001  6.000000e-001  6.000000e-001  3.000000e-001  6.000000e-001  1.178443e-004 
 6.100000e-001  6.100000e-001  6.100000e-001  3.000000e-001  6.100000e-001  1.164471e-004 
 6.200000e-001  6.200000e-001  6.200000e-001  3.000000e-001  6.200000e-001  1.150426e-004 
 6.300000e-001  6.300000e-001  6.300000e-001  3.000000e-001  6.300000e-001  1.136294e-004 
 6.400000e-001  6.400000e-001  6.400000e-001  3.000000e-001  6.400000e-001  1.122058e-004 
 6.500000e-001  6.500000e-001  6.500000e-001  3.000000e-001  6.500000e-001  1.107698e-004 
 6.600000e-001  6.600000e-001  6.600000e-001  3.000000e-001  6.600000e-001  1.093193e-004 
 6.700000e-001  6.700000e-001  6.700000e-001  3.000000e-001  6.700000e-001  1.078513e-004 
 6.800000e-001  6.800000e-001  6.800000e-001  3.000000e-001  6.800000e-001  1.063628e-004 
 6.900000e-001  6.900000e-001  6.900000e-001  3.000000e-001  6.900000e-001  1.048499e-004 
 7.000000e-001  7.000000e-001  7.000000e-001  3.000000e-001  7.000000e-001  1.033080e-004 
 7.100000e-001  7.100000e-001  7.100000e-001  3.000000e-001  7.100000e-001  1.017319e-004 
 7.200000e-001  7.200000e-001  7.200000e-001  3.000000e-001  7.200000e-001  1.001151e-004 
 7.300000e-001  7.300000e-001  7.300000e-001  3.000000e-001  7.300000e-001  9.845029e-005 
 7.400000e-001  7.400000e-001  7.400000e-001  3.000000e-001  7.400000e-001  9.672875e-005 
 7.500000e-001  7.500000e-001  7.500000e-001  3.000000e-001  7.500000e-001  9.494060e-005 
 7.600000e-001  7.600000e-001  7.600000e-001  3.000000e-001  7.600000e-001  9.307471e-005 
 7.700000e-001  7.700000e-001  7.700000e-001  3.000000e-001  7.700000e-001  9.111889e-005 
 7.800000e-001  7.800000e-001  7.800000e-001  3.000000e-001  7.800000e-001  8.906020e-005 
 7.900000e-001  7.900000e-001  7.900000e-001  3.000000e-001  7.900000e-001  8.688536e-005 
 8.000000e-001  8.000000e-001  8.000000e-001  3.000000e-001  8.000000e-001  8.458132e-005 
 8.100000e-001  8.100000e-001  8.100000e-001  3.000000e-001  8.100000e-001  8.213573e-005 
 8.200000e-001  8.200000e-001  8.200000e-001  3.000000e-001  8.200000e-001  7.953737e-005 
 8.300000e-001  8.300000e-001  8.300000e-001  3.000000e-001  8.300000e-001  7.677639e-005 
 8.400000e-001  8.400000e-001  8.400000e-001  3.000000e-001  8.400000e-001  7.384440e-005 
 8.500000e-001  8.500000e-001  8.500000e-001  3.000000e-001  8.500000e-001  7.073433e-005 
 8.600000e-001  8.600000e-001  8.600000e-001  3.000000e-001  8.600000e-001  6.744030e-005 
 8.700000e-001  8.700000e-001  8.700000e-001  3.000000e-001  8.700000e-001  6.395737e-005 
 8.800000e-001  8.800000e-001  8.800000e-001  3.000000e-001  8.800000e-001  6.028133e-005 
 8.900000e-001  8.900000e-001  8.900000e-001  3.000000e-001  8.900000e-001  5.640851e-005 
 9.000000e-001  9.000000e-001  9.000000e-001  3.000000e-001  9.000000e-001  5.233564e-005 
 9.100000e-001  9.100000e-001  9.100000e-001  3.000000e-001  9.100000e-001  4.805972e-005 
 9.200000e-001  9.200000e-001  9.200000e-001  3.000000e-001  9.200000e-001  4.357794e-005 
 9.300000e-001  9.300000e-001  9.300000e-001  3.000000e-001  9.300000e-001  3.888762e-005 
 9.400000e-001  9.400000e-001  9.400000e-001  3.000000e-001  9.400000e-001  3.398615e-005 
 9.500000e-001  9.500000e-001  9.500000e-001  3.000000e-001  9.500000e-001  2.887096e-005 
 0.000000e+000  0.000000e+000  0.000000e+000  4.000000e-001  0.000000e+000  1.345069e-004 
 1.000000e-002  1.000000e-002  1.000000e-002  4.000000e-001  1.000000e-002  1.329062e-004 
 2.000000e-002  2.000000e-002  2.000000e-002  4.000000e-001  2.000000e-002  1.313634e-004 
 3.000000e-002  3.000000e-002  3.000000e-002  4.000000e-001  3.000000e-002  1.298326e-004 
 4.000000e-002  4.000000e-002  4.000000e-002  4.000000e-001  4.000000e-002  1.283271e-004 
 5.000000e-002  5.000000e-002  5.000000e-002  4.000000e-001  5.000000e-002  1.268452e-004 
 6.000000e-002  6.000000e-002  6.000000e-002  4.000000e-001  6.000000e-002  1.253858e-004 
 7.000000e-002  7.000000e-002  7.000000e-002  4.000000e-001  7.000000e-002  1.239473e-004 
 8.000000e-002  8.000000e-002  8.000000e-002  4.000000e-001  8.000000e-002  1.225286e-004 
 9.000000e-002  9.000000e-002  9.000000e-002  4.000000e-001  9.000000e-002  1.211285e-004 
 1.000000e-001  1.000000e-001  1.000000e-001  4.000000e-001  1.000000e-001  1.197459e-004 
 1.100000e-001  1.100000e-001  1.100000e-001  4.000000e-001  1.100000e-001  1.183796e-004 
 1.200000e-001  1.200000e-001  1.200000e-001  4.000000e-001  1.200000e-001  1.170288e-004 
 1.300000e-001  1.300000e-001  1.300000e-001  4.000000e-001  1.300000e-001  1.156925e-004 
 1.400000e-001  1.400000e-001  1.400000e-001  4.000000e-001  1.400000e-001  1.143698e-004 
 1.500000e-001  1.500000e-001  1.500000e-001  4.000000e-001  1.500000e-001  1.130599e-004 
 1.600000e-001  1.600000e-001  1.600000e-001  4.000000e-001  1.600000e-001  1.117622e-004 
 1.700000e-001  1.700000e-001  1.700000e-001  4.000000e-001  1.700000e-001  1.104759e-004 
 1.800000e-001  1.800000e-001  1.800000e-001  4.000000e-001  1.800000e-001  1.092003e-004 
 1.900000e-001  1.900000e-001  1.900000e-001  4.000000e-001  1.900000e-001  1.079350e-004 
 2.000000e-001  2.000000e-001  2.000000e-001  4.000000e-001  2.000000e-001  1.066793e-004 
 2.100000e-001  2.100000e-001  2.100000e-001  4.000000e-001  2.100000e-001  1.054329e-004 
 2.200000e-001  2.200000e-001  2.200000e-001  4.000000e-001  2.200000e-001  1.041951e-004 
 2.300000e-001  2.300000e-001  2.300000e-001  4.000000e-001  2.300000e-001  1.029658e-004 
 2.400000e-001  2.400000e-001  2.400000e-001  4.000000e-001  2.400000e-001  1.017444e-004 
 2.500000e-001  2.500000e-001  2.500000e-001  4.000000e-001  2.500000e-001  1.005306e-004 
 2.600000e-001  2.600000e-001  2.600000e-001  4.000000e-001  2.600000e-001  9.932431e-005 
 2.700000e-001  2.700000e-001  2.700000e-001  4.000000e-001  2.700000e-001  9.812509e-005 
 2.800000e-001  2.800000e-001  2.800000e-001  4.000000e-001  2.800000e-001  9.693279e-005 
 2.900000e-001  2.900000e-001  2.900000e-001  4.000000e-001  2.900000e-001  9.574719e-005 
 3.000000e-001  3.000000e-001  3.000000e-001  4.000000e-001  3.000000e-001  9.456813e-005 
 3.100000e-001  3.100000e-001  3.100000e-001  4.000000e-001  3.100000e-001  9.339546e-005 
 3.200000e-001  3.200000e-001  3.200000e-001  4.000000e-001  3.200000e-001  9.222906e-005 
 3.300000e-001  3.300000e-001  3.300000e-001  4.000000e-001  3.300000e-001  9.106883e-005 
 3.400000e-001  3.400000e-001  3.400000e-001  4.000000e-001  3.400000e-001  8.991467e-005 
 3.500000e-001  3.500000e-001  3.500000e-001  4.000000e-001  3.500000e-001  8.876652e-005 
 3.600000e-001  3.600000e-001  3.600000e-001  4.000000e-001  3.600000e-001  8.762430e-005 
 3.700000e-001  3.700000e-001  3.700000e-001  4.000000e-001  3.700000e-001  8.648798e-005 
 3.800000e-001  3.800000e-001  3.800000e-001  4.000000e-001  3.800000e-001  8.535752e-005 
 3.900000e-001  3.900000e-001  3.900000e-001  4.000000e-001  3.900000e-001  8.423288e-005 
 4.000000e-001  4.000000e-001  4.000000e-001  4.000000e-001  4.000000e-001  8.311405e-005 
 4.100000e-001  4.100000e-001  4.100000e-001  4.000000e-001  4.100000e-001  8.200101e-005 
 4.200000e-001  4.200000e-001  4.200000e-001  4.000000e-001  4.200000e-001  8.089373e-005 
 4.300000e-001  4.300000e-001  4.300000e-001  4.000000e-001  4.300000e-001  7.979223e-005 
 4.400000e-001  4.400000e-001  4.400000e-001  4.000000e-001  4.400000e-001  7.869647e-005 
 4.500000e-001  4.500000e-001  4.500000e-001  4.000000e-001  4.500000e-001  7.760647e-005 
 4.600000e-001  4.600000e-001  4.600000e-001  4.000000e-001  4.600000e-001  7.652220e-005 
 4.700000e-001  4.700000e-001  4.700000e-001  4.000000e-001  4.700000e-001  7.544366e-005 
 4.800000e-001  4.800000e-001  4.800000e-001  4.000000e-001  4.800000e-001  7.437084e-005 
 4.900000e-001  4.900000e-001  4.900000e-001  4.000000e-001  4.900000e-001  7.330373e-005 
 5.000000e-001  5.000000e-001  5.000000e-001  4.000000e-001  5.000000e-001  7.224231e-005 
 5.100000e-001  5.100000e-001  5.100000e-001  4.000000e-001  5.100000e-001  7.118655e-005 
 5.200000e-001  5.200000e-001  5.200000e-001  4.000000e-001  5.200000e-001  7.013643e-005 
 5.300000e-001  5.300000e-001  5.300000e-001  4.000000e-001  5.300000e-001  6.909191e-005 
 5.400000e-001  5.400000e-001  5.400000e-001  4.000000e-001  5.400000e-001  6.805295e-005 
 5.500000e-001  5.500000e-001  5.500000e-001  4.000000e-001  5.500000e-001  6.701951e-005 
 5.600000e-001  5.600000e-001  5.600000e-001  4.000000e-001  5.600000e-001  6.599151e-005 
 5.700000e-001  5.700000e-001  5.700000e-001  4.000000e-001  5.700000e-001  6.496889e-005 
 5.800000e-001  5.800000e-001  5.800000e-001  4.000000e-001  5.800000e-001  6.395157e-005 
 5.900000e-001  5.900000e-001  5.900000e-001  4.000000e-001  5.900000e-001  6.293943e-005 
 6.000000e-001  6.000000e-001  6.000000e-001  4.000000e-001  6.000000e-001  6.193236e-005 
 6.100000e-001  6.100000e-001  6.100000e-001  4.000000e-001  6.100000e-001  6.093023e-005 
 6.200000e-001  6.200000e-001  6.200000e-001  4.000000e-001  6.200000e-001  5.993287e-005 
 6.300000e-001  6.300000e-001  6.300000e-001  4.000000e-001  6.300000e-001  5.894008e-005 
 6.400000e-001  6.400000e-001  6.400000e-001  4.000000e-001  6.400000e-001  5.795164e-005 
 6.500000e-001  6.500000e-001  6.500000e-001  4.000000e-001  6.500000e-001  5.696728e-005 
 6.600000e-001  6.600000e-001  6.600000e-001  4.000000e-001  6.600000e-001  5.598670e-005 
 6.700000e-001  6.700000e-001  6.700000e-001  4.000000e-001  6.700000e-001  5.500952e-005 
 6.800000e-001  6.800000e-001  6.800000e-001  4.000000e-001  6.800000e-001  5.403529e-005 
 6.900000e-001  6.900000e-001  6.900000e-001  4.000000e-001  6.900000e-001  5.306351e-005 
 7.000000e-001  7.000000e-001  7.000000e-001  4.000000e-001  7.000000e-001  5.209354e-005 
 7.100000e-001  7.100000e-001  7.100000e-001  4.000000e-001  7.100000e-001  5.112462e-005 
 7.200000e-001  7.200000e-001  7.200000e-001  4.000000e-001  7.200000e-001  5.015586e-005 
 7.300000e-001  7.300000e-001  7.300000e-001  4.000000e-001  7.300000e-001  4.918615e-005 
 7.400000e-001  7.400000e-001  7.400000e-001  4.000000e-001  7.400000e-001  4.821412e-005 
 7.500000e-001  7.500000e-001  7.500000e-001  4.000000e-001  7.500000e-001  4.723813e-005 
 7.600000e-001  7.600000e-001  7.600000e-001  4.000000e-001  7.600000e-001  4.625610e-005 
 7.700000e-001  7.700000e-001  7.700000e-001  4.000000e-001  7.700000e-001  4.526545e-005 
 7.800000e-001  7.800000e-001  7.800000e-001  4.000000e-001  7.800000e-001  4.426297e-005 
 7.900000e-001  7.900000e-001  7.900000e-001  4.000000e-001  7.900000e-001  4.324460e-005 
 8.000000e-001  8.000000e-001  8.000000e-001  4.000000e-001  8.000000e-001  4.220523e-005 
 8.100000e-001  8.100000e-001  8.100000e-001  4.000000e-001  8.100000e-001  4.113845e-005 
 8.200000e-001  8.200000e-001  8.200000e-001  4.000000e-001  8.200000e-001  4.003626e-005 
 8.300000e-001  8.300000e-001  8.300000e-001  4.000000e-001  8.300000e-001  3.888882e-005 
 8.400000e-001  8.400000e-001  8.400000e-001  4.000000e-001  8.400000e-001  3.768433e-005 
 8.500000e-001  8.500000e-001  8.500000e-001  4.000000e-001  8.500000e-001  3.640906e-005 
 8.600000e-001  8.600000e-001  8.600000e-001  4.000000e-001  8.600000e-001  3.504772e-005 
 8.700000e-001  8.700000e-001  8.700000e-001  4.000000e-001  8.700000e-001  3.358416e-005 
 8.800000e-001  8.800000e-001  8.800000e-001  4.000000e-001  8.800000e-001  3.200226e-005 
 8.900000e-001  8.900000e-001  8.900000e-001  4.000000e-001  8.900000e-001  3.028691e-005 
 9.000000e-001  9.000000e-001  9.000000e-001  4.000000e-001  9.000000e-001  2.842466e-005 
 9.100000e-001  9.100000e-001  9.100000e-001  4.000000e-001  9.100000e-001  2.640410e-005 
 9.200000e-001  9.200000e-001  9.200000e-001  4.000000e-001  9.200000e-001  2.421588e-005 
 9.300000e-001  9.300000e-001  9.300000e-001  4.000000e-001  9.300000e-001  2.185241e-005 
 9.400000e-001  9.400000e-001  9.400000e-001  4.000000e-001  9.400000e-001  1.930762e-005 
 9.500000e-001  9.500000e-001  9.500000e-001  4.000000e-001  9.500000e-001  1.657653e-005 
 0.000000e+000  0.000000e+000  0.000000e+000  5.000000e-001  0.000000e+000  7.068744e-005 
 1.000000e-002  1.000000e-002  1.000000e-002  5.000000e-001  1.000000e-002  6.939398e-005 
 2.000000e-002  2.000000e-002  2.000000e-002  5.000000e-001  2.000000e-002  6.815686e-005 
 3.000000e-002  3.000000e-002  3.000000e-002  5.000000e-001  3.000000e-002  6.693190e-005 
 4.000000e-002  4.000000e-002  4.000000e-002  5.000000e-001  4.000000e-002  6.573221e-005 
 5.000000e-002  5.000000e-002  5.000000e-002  5.000000e-001  5.000000e-002  6.455662e-005 
 6.000000e-002  6.000000e-002  6.000000e-002  5.000000e-001  6.000000e-002  6.340406e-005 
 7.000000e-002  7.000000e-002  7.000000e-002  5.000000e-001  7.000000e-002  6.227347e-005 
 8.000000e-002  8.000000e-002  8.000000e-002  5.000000e-001  8.000000e-002  6.116388e-005 
 9.000000e-002  9.000000e-002  9.000000e-002  5.000000e-001  9.000000e-002  6.007435e-005 
 1.000000e-001  1.000000e-001  1.000000e-001  5.000000e-001  1.000000e-001  5.900400e-005 
 1.100000e-001  1.100000e-001  1.100000e-001  5.000000e-001  1.100000e-001  5.795201e-005 
 1.200000e-001  1.200000e-001  1.200000e-001  5.000000e-001  1.200000e-001  5.691758e-005 
 1.300000e-001  1.300000e-001  1.300000e-001  5.000000e-001  1.300000e-001  5.589998e-005 
 1.400000e-001  1.400000e-001  1.400000e-001  5.000000e-001  1.400000e-001  5.489852e-005 
 1.500000e-001  1.500000e-001  1.500000e-001  5.000000e-001  1.500000e-001  5.391256e-005 
 1.600000e-001  1.600000e-001  1.600000e-001  5.000000e-001  1.600000e-001  5.294150e-005 
 1.700000e-001  1.700000e-001  1.700000e-001  5.000000e-001  1.700000e-001  5.198477e-005 
 1.800000e-001  1.800000e-001  1.800000e-001  5.000000e-001  1.800000e-001  5.104185e-005 
 1.900000e-001  1.900000e-001  1.900000e-001  5.000000e-001  1.900000e-001  5.011226e-005 
 2.000000e-001  2.000000e-001  2.000000e-001  5.000000e-001  2.000000e-001  4.919556e-005 
 2.100000e-001  2.100000e-001  2.100000e-001  5.000000e-001  2.100000e-001  4.829133e-005 
 2.200000e-001  2.200000e-001  2.200000e-001  5.000000e-001  2.200000e-001  4.739919e-005 
 2.300000e-001  2.300000e-001  2.300000e-001  5.000000e-001  2.300000e-001  4.651880e-005 
 2.400000e-001  2.400000e-001  2.400000e-001  5.000000e-001  2.400000e-001  4.564984e-005 
 2.500000e-001  2.500000e-001  2.500000e-001  5.000000e-001  2.500000e-001  4.479203e-005 
 2.600000e-001  2.600000e-001  2.600000e-001  5.000000e-001  2.600000e-001  4.394510e-005 
 2.700000e-001  2.700000e-001  2.700000e-001  5.000000e-001  2.700000e-001  4.310882e-005 
 2.800000e-001  2.800000e-001  2.800000e-001  5.000000e-001  2.800000e-001  4.228297e-005 
 2.900000e-001  2.900000e-001  2.900000e-001  5.000000e-001  2.900000e-001  4.146737e-005 
 3.000000e-001  3.000000e-001  3.000000e-001  5.000000e-001  3.000000e-001  4.066185e-005 
 3.100000e-001  3.100000e-001  3.100000e-001  5.000000e-001  3.100000e-001  3.986626e-005 
 3.200000e-001  3.200000e-001  3.200000e-001  5.000000e-001  3.200000e-001  3.908046e-005 
 3.300000e-001  3.300000e-001  3.300000e-001  5.000000e-001  3.300000e-001  3.830434e-005 
 3.400000e-001  3.400000e-001  3.400000e-001  5.000000e-001  3.400000e-001  3.753780e-005 
 3.500000e-001  3.500000e-001  3.500000e-001  5.000000e-001  3.500000e-001  3.678074e-005 
 3.600000e-001  3.600000e-001  3.600000e-001  5.000000e-001  3.600000e-001  3.603309e-005 
 3.700000e-001  3.700000e-001  3.700000e-001  5.000000e-001  3.700000e-001  3.529479e-005 
 3.800000e-001  3.800000e-001  3.800000e-001  5.000000e-001  3.800000e-001  3.456577e-005 
 3.900000e-001  3.900000e-001  3.900000e-001  5.000000e-001  3.900000e-001  3.384599e-005 
 4.000000e-001  4.000000e-001  4.000000e-001  5.000000e-001  4.000000e-001  3.313540e-005 
 4.100000e-001  4.100000e-001  4.100000e-001  5.000000e-001  4.100000e-001  3.243397e-005 
 4.200000e-001  4.200000e-001  4.200000e-001  5.000000e-001  4.200000e-001  3.174167e-005 
 4.300000e-001  4.300000e-001  4.300000e-001  5.000000e-001  4.300000e-001  3.105847e-005 
 4.400000e-001  4.400000e-001  4.400000e-001  5.000000e-001  4.400000e-001  3.038434e-005 
 4.500000e-001  4.500000e-001  4.500000e-001  5.000000e-001  4.500000e-001  2.971928e-005 
 4.600000e-001  4.600000e-001  4.600000e-001  5.000000e-001  4.600000e-001  2.906324e-005 
 4.700000e-001  4.700000e-001  4.700000e-001  5.000000e-001  4.700000e-001  2.841623e-005 
 4.800000e-001  4.800000e-001  4.800000e-001  5.000000e-001  4.800000e-001  2.777821e-005 
 4.900000e-001  4.900000e-001  4.900000e-001  5.000000e-001  4.900000e-001  2.714918e-005 
 5.000000e-001  5.000000e-001  5.000000e-001  5.000000e-001  5.000000e-001  2.652910e-005 
 5.100000e-001  5.100000e-001  5.100000e-001  5.000000e-001  5.100000e-001  2.591797e-005 
 5.200000e-001  5.200000e-001  5.200000e-001  5.000000e-001  5.200000e-001  2.531576e-005 
 5.300000e-001  5.300000e-001  5.300000e-001  5.000000e-001  5.300000e-001  2.472244e-005 
 5.400000e-001  5.400000e-001  5.400000e-001  5.000000e-001  5.400000e-001  2.413799e-005 
 5.500000e-001  5.500000e-001  5.500000e-001  5.000000e-001  5.500000e-001  2.356239e-005 
 5.600000e-001  5.600000e-001  5.600000e-001  5.000000e-001  5.600000e-001  2.299559e-005 
 5.700000e-001  5.700000e-001  5.700000e-001  5.000000e-001  5.700000e-001  2.243757e-005 
 5.800000e-001  5.800000e-001  5.800000e-001  5.000000e-001  5.800000e-001  2.188829e-005 
 5.900000e-001  5.900000e-001  5.900000e-001  5.000000e-001  5.900000e-001  2.134771e-005 
 6.000000e-001  6.000000e-001  6.000000e-001  5.000000e-001  6.000000e-001  2.081577e-005 
 6.100000e-001  6.100000e-001  6.100000e-001  5.000000e-001  6.100000e-001  2.029244e-005 
 6.200000e-001  6.200000e-001  6.200000e-001  5.000000e-001  6.200000e-001  1.977766e-005 
 6.300000e-001  6.300000e-001  6.300000e-001  5.000000e-001  6.300000e-001  1.927137e-005 
 6.400000e-001  6.400000e-001  6.400000e-001  5.000000e-001  6.400000e-001  1.877351e-005 
 6.500000e-001  6.500000e-001  6.500000e-001  5.000000e-001  6.500000e-001  1.828400e-005 
 6.600000e-001  6.600000e-001  6.600000e-001  5.000000e-001  6.600000e-001  1.780278e-005 
 6.700000e-001  6.700000e-001  6.700000e-001  5.000000e-001  6.700000e-001  1.732975e-005 
 6.800000e-001  6.800000e-001  6.800000e-001  5.000000e-001  6.800000e-001  1.686484e-005 
 6.900000e-001  6.900000e-001  6.900000e-001  5.000000e-001  6.900000e-001  1.640794e-005 
 7.000000e-001  7.000000e-001  7.000000e-001  5.000000e-001  7.000000e-001  1.595895e-005 
 7.100000e-001  7.100000e-001  7.100000e-001  5.000000e-001  7.100000e-001  1.551774e-005 
 7.200000e-001  7.200000e-001  7.200000e-001  5.000000e-001  7.200000e-001  1.508419e-005 
 7.300000e-001  7.300000e-001  7.300000e-001  5.000000e-001  7.300000e-001  1.465815e-005 
 7.400000e-001  7.400000e-001  7.400000e-001  5.000000e-001  7.400000e-001  1.423944e-005 
 7.500000e-001  7.500000e-001  7.500000e-001  5.000000e-001  7.500000e-001  1.382789e-005 
 7.600000e-001  7.600000e-001  7.600000e-001  5.000000e-001  7.600000e-001  1.342328e-005 
 7.700000e-001  7.700000e-001  7.700000e-001  5.000000e-001  7.700000e-001  1.302535e-005 
 7.800000e-001  7.800000e-001  7.800000e-001  5.000000e-001  7.800000e-001  1.263382e-005 
 7.900000e-001  7.900000e-001  7.900000e-001  5.000000e-001  7.900000e-001  1.224833e-005 
 8.000000e-001  8.000000e-001  8.000000e-001  5.000000e-001  8.000000e-001  1.186846e-005 
 8.100000e-001  8.100000e-001  8.100000e-001  5.000000e-001  8.100000e-001  1.149367e-005 
 8.200000e-001  8.200000e-001  8.200000e-001  5.000000e-001  8.200000e-001  1.112333e-005 
 8.300000e-001  8.300000e-001  8.300000e-001  5.000000e-001  8.300000e-001  1.075658e-005 
 8.400000e-001  8.400000e-001  8.400000e-001  5.000000e-001  8.400000e-001  1.039232e-005 
 8.500000e-001  8.500000e-001  8.500000e-001  5.000000e-001  8.500000e-001  1.002910e-005 
 8.600000e-001  8.600000e-001  8.600000e-001  5.000000e-001  8.600000e-001  9.664908e-006 
 8.700000e-001  8.700000e-001  8.700000e-001  5.000000e-001  8.700000e-001  9.297000e-006 
 8.800000e-001  8.800000e-001  8.800000e-001  5.000000e-001  8.800000e-001  8.921514e-006 
 8.900000e-001  8.900000e-001  8.900000e-001  5.000000e-001  8.900000e-001  8.533017e-006 
 9.000000e-001  9.000000e-001  9.000000e-001  5.000000e-001  9.000000e-001  8.123928e-006 
 9.100000e-001  9.100000e-001  9.100000e-001  5.000000e-001  9.100000e-001  7.683953e-006 
 9.200000e-001  9.200000e-001  9.200000e-001  5.000000e-001  9.200000e-001  7.199818e-006 
 9.300000e-001  9.300000e-001  9.300000e-001  5.000000e-001  9.300000e-001  6.655732e-006 
 9.400000e-001  9.400000e-001  9.400000e-001  5.000000e-001  9.400000e-001  6.034789e-006 
 9.500000e-001  9.500000e-001  9.500000e-001  5.000000e-001  9.500000e-001  5.320961e-006 
 0.000000e+000  0.000000e+000  0.000000e+000  6.000000e-001  0.000000e+000  2.364109e-005 
 1.000000e-002  1.000000e-002  1.000000e-002  6.000000e-001  1.000000e-002  2.294181e-005 
 2.000000e-002  2.000000e-002  2.000000e-002  6.000000e-001  2.000000e-002  2.228545e-005 
 3.000000e-002  3.000000e-002  3.000000e-002  6.000000e-001  3.000000e-002  2.163855e-005 
 4.000000e-002  4.000000e-002  4.000000e-002  6.000000e-001  4.000000e-002  2.101117e-005 
 5.000000e-002  5.000000e-002  5.000000e-002  6.000000e-001  5.000000e-002  2.040256e-005 
 6.000000e-002  6.000000e-002  6.000000e-002  6.000000e-001  6.000000e-002  1.981199e-005 
 7.000000e-002  7.000000e-002  7.000000e-002  6.000000e-001  7.000000e-002  1.923876e-005 
 8.000000e-002  8.000000e-002  8.000000e-002  6.000000e-001  8.000000e-002  1.868220e-005 
 9.000000e-002  9.000000e-002  9.000000e-002  6.000000e-001  9.000000e-002  1.814170e-005 
 1.000000e-001  1.000000e-001  1.000000e-001  6.000000e-001  1.000000e-001  1.761664e-005 
 1.100000e-001  1.100000e-001  1.100000e-001  6.000000e-001  1.100000e-001  1.710647e-005 
 1.200000e-001  1.200000e-001  1.200000e-001  6.000000e-001  1.200000e-001  1.661063e-005 
 1.300000e-001  1.300000e-001  1.300000e-001  6.000000e-001  1.300000e-001  1.612862e-005 
 1.400000e-001  1.400000e-001  1.400000e-001  6.000000e-001  1.400000e-001  1.565995e-005 
 1.500000e-001  1.500000e-001  1.500000e-001  6.000000e-001  1.500000e-001  1.520414e-005 
 1.600000e-001  1.600000e-001  1.600000e-001  6.000000e-001  1.600000e-001  1.476077e-005 
 1.700000e-001  1.700000e-001  1.700000e-001  6.000000e-001  1.700000e-001  1.432942e-005 
 1.800000e-001  1.800000e-001  1.800000e-001  6.000000e-001  1.800000e-001  1.390968e-005 
 1.900000e-001  1.900000e-001  1.900000e-001  6.000000e-001  1.900000e-001  1.350119e-005 
 2.000000e-001  2.000000e-001  2.000000e-001  6.000000e-001  2.000000e-001  1.310359e-005 
 2.100000e-001  2.100000e-001  2.100000e-001  6.000000e-001  2.100000e-001  1.271655e-005 
 2.200000e-001  2.200000e-001  2.200000e-001  6.000000e-001  2.200000e-001  1.233974e-005 
 2.300000e-001  2.300000e-001  2.300000e-001  6.000000e-001  2.300000e-001  1.197286e-005 
 2.400000e-001  2.400000e-001  2.400000e-001  6.000000e-001  2.400000e-001  1.161562e-005 
 2.500000e-001  2.500000e-001  2.500000e-001  6.000000e-001  2.500000e-001  1.126776e-005 
 2.600000e-001  2.600000e-001  2.600000e-001  6.000000e-001  2.600000e-001  1.092901e-005 
 2.700000e-001  2.700000e-001  2.700000e-001  6.000000e-001  2.700000e-001  1.059913e-005 
 2.800000e-001  2.800000e-001  2.800000e-001  6.000000e-001  2.800000e-001  1.027788e-005 
 2.900000e-001  2.900000e-001  2.900000e-001  6.000000e-001  2.900000e-001  9.965032e-006 
 3.000000e-001  3.000000e-001  3.000000e-001  6.000000e-001  3.000000e-001  9.660385e-006 
 3.100000e-001  3.100000e-001  3.100000e-001  6.000000e-001  3.100000e-001  9.363731e-006 
 3.200000e-001  3.200000e-001  3.200000e-001  6.000000e-001  3.200000e-001  9.074876e-006 
 3.300000e-001  3.300000e-001  3.300000e-001  6.000000e-001  3.300000e-001  8.793634e-006 
 3.400000e-001  3.400000e-001  3.400000e-001  6.000000e-001  3.400000e-001  8.519825e-006 
 3.500000e-001  3.500000e-001  3.500000e-001  6.000000e-001  3.500000e-001  8.253278e-006 
 3.600000e-001  3.600000e-001  3.600000e-001  6.000000e-001  3.600000e-001  7.993829e-006 
 3.700000e-001  3.700000e-001  3.700000e-001  6.000000e-001  3.700000e-001  7.741317e-006 
 3.800000e-001  3.800000e-001  3.800000e-001  6.000000e-001  3.800000e-001  7.495588e-006 
 3.900000e-001  3.900000e-001  3.900000e-001  6.000000e-001  3.900000e-001  7.256493e-006 
 4.000000e-001  4.000000e-001  4.000000e-001  6.000000e-001  4.000000e-001  7.023887e-006 
 4.100000e-001  4.100000e-001  4.100000e-001  6.000000e-001  4.100000e-001  6.797628e-006 
 4.200000e-001  4.200000e-001  4.200000e-001  6.000000e-001  4.200000e-001  6.577580e-006 
 4.300000e-001  4.300000e-001  4.300000e-001  6.000000e-001  4.300000e-001  6.363608e-006 
 4.400000e-001  4.400000e-001  4.400000e-001  6.000000e-001  4.400000e-001  6.155580e-006 
 4.500000e-001  4.500000e-001  4.500000e-001  6.000000e-001  4.500000e-001  5.953368e-006 
 4.600000e-001  4.600000e-001  4.600000e-001  6.000000e-001  4.600000e-001  5.756846e-006 
 4.700000e-001  4.700000e-001  4.700000e-001  6.000000e-001  4.700000e-001  5.565890e-006 
 4.800000e-001  4.800000e-001  4.800000e-001  6.000000e-001  4.800000e-001  5.380378e-006 
 4.900000e-001  4.900000e-001  4.900000e-001  6.000000e-001  4.900000e-001  5.200190e-006 
 5.000000e-001  5.000000e-001  5.000000e-001  6.000000e-001  5.000000e-001  5.025206e-006 
 5.100000e-001  5.100000e-001  5.100000e-001  6.000000e-001  5.100000e-001  4.855311e-006 
 5.200000e-001  5.200000e-001  5.200000e-001  6.000000e-001  5.200000e-001  4.690389e-006 
 5.300000e-001  5.300000e-001  5.300000e-001  6.000000e-001  5.300000e-001  4.530325e-006 
 5.400000e-001  5.400000e-001  5.400000e-001  6.000000e-001  5.400000e-001  4.375007e-006 
 5.500000e-001  5.500000e-001  5.500000e-001  6.000000e-001  5.500000e-001  4.224325e-006 
 5.600000e-001  5.600000e-001  5.600000e-001  6.000000e-001  5.600000e-001  4.078166e-006 
 5.700000e-001  5.700000e-001  5.700000e-001  6.000000e-001  5.700000e-001  3.936423e-006 
 5.800000e-001  5.800000e-001  5.800000e-001  6.000000e-001  5.800000e-001  3.798988e-006 
 5.900000e-001  5.900000e-001  5.900000e-001  6.000000e-001  5.900000e-001  3.665755e-006 
 6.000000e-001  6.000000e-001  6.000000e-001  6.000000e-001  6.000000e-001  3.536617e-006 
 6.100000e-001  6.100000e-001  6.100000e-001  6.000000e-001  6.100000e-001  3.411471e-006 
 6.200000e-001  6.200000e-001  6.200000e-001  6.000000e-001  6.200000e-001  3.290215e-006 
 6.300000e-001  6.300000e-001  6.300000e-001  6.000000e-001  6.300000e-001  3.172746e-006 
 6.400000e-001  6.400000e-001  6.400000e-001  6.000000e-001  6.400000e-001  3.058964e-006 
 6.500000e-001  6.500000e-001  6.500000e-001  6.000000e-001  6.500000e-001  2.948769e-006 
 6.600000e-001  6.600000e-001  6.600000e-001  6.000000e-001  6.600000e-001  2.842065e-006 
 6.700000e-001  6.700000e-001  6.700000e-001  6.000000e-001  6.700000e-001  2.738754e-006 
 6.800000e-001  6.800000e-001  6.800000e-001  6.000000e-001  6.800000e-001  2.638740e-006 
 6.900000e-001  6.900000e-001  6.900000e-001  6.000000e-001  6.900000e-001  2.541929e-006 
 7.000000e-001  7.000000e-001  7.000000e-001  6.000000e-001  7.000000e-001  2.448228e-006 
 7.100000e-001  7.100000e-001  7.100000e-001  6.000000e-001  7.100000e-001  2.357544e-006 
 7.200000e-001  7.200000e-001  7.200000e-001  6.000000e-001  7.200000e-001  2.269787e-006 
 7.300000e-001  7.300000e-001  7.300000e-001  6.000000e-001  7.300000e-001  2.184865e-006 
 7.400000e-001  7.400000e-001  7.400000e-001  6.000000e-001  7.400000e-001  2.102689e-006 
 7.500000e-001  7.500000e-001  7.500000e-001  6.000000e-001  7.500000e-001  2.023168e-006 
 7.600000e-001  7.600000e-001  7.600000e-001  6.000000e-001  7.600000e-001  1.946214e-006 
 7.700000e-001  7.700000e-001  7.700000e-001  6.000000e-001  7.700000e-001  1.871738e-006 
 7.800000e-001  7.800000e-001  7.800000e-001  6.000000e-001  7.800000e-001  1.799648e-006 
 7.900000e-001  7.900000e-001  7.900000e-001  6.000000e-001  7.900000e-001  1.729852e-006 
 8.000000e-001  8.000000e-001  8.000000e-001  6.000000e-001  8.000000e-001  1.662258e-006 
 8.100000e-001  8.100000e-001  8.100000e-001  6.000000e-001  8.100000e-001  1.596766e-006 
 8.200000e-001  8.200000e-001  8.200000e-001  6.000000e-001  8.200000e-001  1.533274e-006 
 8.300000e-001  8.300000e-001  8.300000e-001  6.000000e-001  8.300000e-001  1.471671e-006 
 8.400000e-001  8.400000e-001  8.400000e-001  6.000000e-001  8.400000e-001  1.411833e-006 
 8.500000e-001  8.500000e-001  8.500000e-001  6.000000e-001  8.500000e-001  1.353620e-006 
 8.600000e-001  8.600000e-001  8.600000e-001  6.000000e-001  8.600000e-001  1.296866e-006 
 8.700000e-001  8.700000e-001  8.700000e-001  6.000000e-001  8.700000e-001  1.241366e-006 
 8.800000e-001  8.800000e-001  8.800000e-001  6.000000e-001  8.800000e-001  1.186851e-006 
 8.900000e-001  8.900000e-001  8.900000e-001  6.000000e-001  8.900000e-001  1.132959e-006 
 9.000000e-001  9.000000e-001  9.000000e-001  6.000000e-001  9.000000e-001  1.079168e-006 
 9.100000e-001  9.100000e-001  9.100000e-001  6.000000e-001  9.100000e-001  1.024698e-006 
 9.200000e-001  9.200000e-001  9.200000e-001  6.000000e-001  9.200000e-001  9.683338e-007 
 9.300000e-001  9.300000e-001  9.300000e-001  6.000000e-001  9.300000e-001  9.081496e-007 
 9.400000e-001  9.400000e-001  9.400000e-001  6.000000e-001  9.400000e-001  8.411194e-007 
 9.500000e-001  9.500000e-001  9.500000e-001  6.000000e-001  9.500000e-001  7.627479e-007 
 0.000000e+000  0.000000e+000  0.000000e+000  7.000000e-001  0.000000e+000  3.989688e-006 
 1.000000e-002  1.000000e-002  1.000000e-002  7.000000e-001  1.000000e-002  3.824005e-006 
 2.000000e-002  2.000000e-002  2.000000e-002  7.000000e-001  2.000000e-002  3.672961e-006 
 3.000000e-002  3.000000e-002  3.000000e-002  7.000000e-001  3.000000e-002  3.525032e-006 
 4.000000e-002  4.000000e-002  4.000000e-002  7.000000e-001  4.000000e-002  3.383602e-006 
 5.000000e-002  5.000000e-002  5.000000e-002  7.000000e-001  5.000000e-002  3.248347e-006 
 6.000000e-002  6.000000e-002  6.000000e-002  7.000000e-001  6.000000e-002  3.118962e-006 
 7.000000e-002  7.000000e-002  7.000000e-002  7.000000e-001  7.000000e-002  2.995157e-006 
 8.000000e-002  8.000000e-002  8.000000e-002  7.000000e-001  8.000000e-002  2.876658e-006 
 9.000000e-002  9.000000e-002  9.000000e-002  7.000000e-001  9.000000e-002  2.763205e-006 
 1.000000e-001  1.000000e-001  1.000000e-001  7.000000e-001  1.000000e-001  2.654553e-006 
 1.100000e-001  1.100000e-001  1.100000e-001  7.000000e-001  1.100000e-001  2.550467e-006 
 1.200000e-001  1.200000e-001  1.200000e-001  7.000000e-001  1.200000e-001  2.450727e-006 
 1.300000e-001  1.300000e-001  1.300000e-001  7.000000e-001  1.300000e-001  2.355125e-006 
 1.400000e-001  1.400000e-001  1.400000e-001  7.000000e-001  1.400000e-001  2.263463e-006 
 1.500000e-001  1.500000e-001  1.500000e-001  7.000000e-001  1.500000e-001  2.175555e-006 
 1.600000e-001  1.600000e-001  1.600000e-001  7.000000e-001  1.600000e-001  2.091224e-006 
 1.700000e-001  1.700000e-001  1.700000e-001  7.000000e-001  1.700000e-001  2.010302e-006 
 1.800000e-001  1.800000e-001  1.800000e-001  7.000000e-001  1.800000e-001  1.932632e-006 
 1.900000e-001  1.900000e-001  1.900000e-001  7.000000e-001  1.900000e-001  1.858065e-006 
 2.000000e-001  2.000000e-001  2.000000e-001  7.000000e-001  2.000000e-001  1.786458e-006 
 2.100000e-001  2.100000e-001  2.100000e-001  7.000000e-001  2.100000e-001  1.717679e-006 
 2.200000e-001  2.200000e-001  2.200000e-001  7.000000e-001  2.200000e-001  1.651600e-006 
 2.300000e-001  2.300000e-001  2.300000e-001  7.000000e-001  2.300000e-001  1.588102e-006 
 2.400000e-001  2.400000e-001  2.400000e-001  7.000000e-001  2.400000e-001  1.527073e-006 
 2.500000e-001  2.500000e-001  2.500000e-001  7.000000e-001  2.500000e-001  1.468404e-006 
 2.600000e-001  2.600000e-001  2.600000e-001  7.000000e-001  2.600000e-001  1.411994e-006 
 2.700000e-001  2.700000e-001  2.700000e-001  7.000000e-001  2.700000e-001  1.357747e-006 
 2.800000e-001  2.800000e-001  2.800000e-001  7.000000e-001  2.800000e-001  1.305572e-006 
 2.900000e-001  2.900000e-001  2.900000e-001  7.000000e-001  2.900000e-001  1.255383e-006 
 3.000000e-001  3.000000e-001  3.000000e-001  7.000000e-001  3.000000e-001  1.207097e-006 
 3.100000e-001  3.100000e-001  3.100000e-001  7.000000e-001  3.100000e-001  1.160637e-006 
 3.200000e-001  3.200000e-001  3.200000e-001  7.000000e-001  3.200000e-001  1.115930e-006 
 3.300000e-001  3.300000e-001  3.300000e-001  7.000000e-001  3.300000e-001  1.072904e-006 
 3.400000e-001  3.400000e-001  3.400000e-001  7.000000e-001  3.400000e-001  1.031494e-006 
 3.500000e-001  3.500000e-001  3.500000e-001  7.000000e-001  3.500000e-001  9.916361e-007 
 3.600000e-001  3.600000e-001  3.600000e-001  7.000000e-001  3.600000e-001  9.532695e-007 
 3.700000e-001  3.700000e-001  3.700000e-001  7.000000e-001  3.700000e-001  9.163369e-007 
 3.800000e-001  3.800000e-001  3.800000e-001  7.000000e-001  3.800000e-001  8.807835e-007 
 3.900000e-001  3.900000e-001  3.900000e-001  7.000000e-001  3.900000e-001  8.465569e-007 
 4.000000e-001  4.000000e-001  4.000000e-001  7.000000e-001  4.000000e-001  8.136071e-007 
 4.100000e-001  4.100000e-001  4.100000e-001  7.000000e-001  4.100000e-001  7.818863e-007 
 4.200000e-001  4.200000e-001  4.200000e-001  7.000000e-001  4.200000e-001  7.513488e-007 
 4.300000e-001  4.300000e-001  4.300000e-001  7.000000e-001  4.300000e-001  7.219507e-007 
 4.400000e-001  4.400000e-001  4.400000e-001  7.000000e-001  4.400000e-001  6.936503e-007 
 4.500000e-001  4.500000e-001  4.500000e-001  7.000000e-001  4.500000e-001  6.664071e-007 
 4.600000e-001  4.600000e-001  4.600000e-001  7.000000e-001  4.600000e-001  6.401826e-007 
 4.700000e-001  4.700000e-001  4.700000e-001  7.000000e-001  4.700000e-001  6.149398e-007 
 4.800000e-001  4.800000e-001  4.800000e-001  7.000000e-001  4.800000e-001  5.906429e-007 
 4.900000e-001  4.900000e-001  4.900000e-001  7.000000e-001  4.900000e-001  5.672578e-007 
 5.000000e-001  5.000000e-001  5.000000e-001  7.000000e-001  5.000000e-001  5.447513e-007 
 5.100000e-001  5.100000e-001  5.100000e-001  7.000000e-001  5.100000e-001  5.230919e-007 
 5.200000e-001  5.200000e-001  5.200000e-001  7.000000e-001  5.200000e-001  5.022488e-007 
 5.300000e-001  5.300000e-001  5.300000e-001  7.000000e-001  5.300000e-001  4.821926e-007 
 5.400000e-001  5.400000e-001  5.400000e-001  7.000000e-001  5.400000e-001  4.628948e-007 
 5.500000e-001  5.500000e-001  5.500000e-001  7.000000e-001  5.500000e-001  4.443281e-007 
 5.600000e-001  5.600000e-001  5.600000e-001  7.000000e-001  5.600000e-001  4.264658e-007 
 5.700000e-001  5.700000e-001  5.700000e-001  7.000000e-001  5.700000e-001  4.092825e-007 
 5.800000e-001  5.800000e-001  5.800000e-001  7.000000e-001  5.800000e-001  3.927534e-007 
 5.900000e-001  5.900000e-001  5.900000e-001  7.000000e-001  5.900000e-001  3.768548e-007 
 6.000000e-001  6.000000e-001  6.000000e-001  7.000000e-001  6.000000e-001  3.615636e-007 
 6.100000e-001  6.100000e-001  6.100000e-001  7.000000e-001  6.100000e-001  3.468575e-007 
 6.200000e-001  6.200000e-001  6.200000e-001  7.000000e-001  6.200000e-001  3.327150e-007 
 6.300000e-001  6.300000e-001  6.300000e-001  7.000000e-001  6.300000e-001  3.191154e-007 
 6.400000e-001  6.400000e-001  6.400000e-001  7.000000e-001  6.400000e-001  3.060386e-007 
 6.500000e-001  6.500000e-001  6.500000e-001  7.000000e-001  6.500000e-001  2.934651e-007 
 6.600000e-001  6.600000e-001  6.600000e-001  7.000000e-001  6.600000e-001  2.813762e-007 
 6.700000e-001  6.700000e-001  6.700000e-001  7.000000e-001  6.700000e-001  2.697538e-007 
 6.800000e-001  6.800000e-001  6.800000e-001  7.000000e-001  6.800000e-001  2.585802e-007 
 6.900000e-001  6.900000e-001  6.900000e-001  7.000000e-001  6.900000e-001  2.478385e-007 
 7.000000e-001  7.000000e-001  7.000000e-001  7.000000e-001  7.000000e-001  2.375123e-007 
 7.100000e-001  7.100000e-001  7.100000e-001  7.000000e-001  7.100000e-001  2.275855e-007 
 7.200000e-001  7.200000e-001  7.200000e-001  7.000000e-001  7.200000e-001  2.180429e-007 
 7.300000e-001  7.300000e-001  7.300000e-001  7.000000e-001  7.300000e-001  2.088694e-007 
 7.400000e-001  7.400000e-001  7.400000e-001  7.000000e-001  7.400000e-001  2.000505e-007 
 7.500000e-001  7.500000e-001  7.500000e-001  7.000000e-001  7.500000e-001  1.915720e-007 
 7.600000e-001  7.600000e-001  7.600000e-001  7.000000e-001  7.600000e-001  1.834203e-007 
 7.700000e-001  7.700000e-001  7.700000e-001  7.000000e-001  7.700000e-001  1.755818e-007 
 7.800000e-001  7.800000e-001  7.800000e-001  7.000000e-001  7.800000e-001  1.680435e-007 
 7.900000e-001  7.900000e-001  7.900000e-001  7.000000e-001  7.900000e-001  1.607922e-007 
 8.000000e-001  8.000000e-001  8.000000e-001  7.000000e-001  8.000000e-001  1.538153e-007 
 8.100000e-001  8.100000e-001  8.100000e-001  7.000000e-001  8.100000e-001  1.470999e-007 
 8.200000e-001  8.200000e-001  8.200000e-001  7.000000e-001  8.200000e-001  1.406330e-007 
 8.300000e-001  8.300000e-001  8.300000e-001  7.000000e-001  8.300000e-001  1.344014e-007 
 8.400000e-001  8.400000e-001  8.400000e-001  7.000000e-001  8.400000e-001  1.283913e-007 
 8.500000e-001  8.500000e-001  8.500000e-001  7.000000e-001  8.500000e-001  1.225879e-007 
 8.600000e-001  8.600000e-001  8.600000e-001  7.000000e-001  8.600000e-001  1.169746e-007 
 8.700000e-001  8.700000e-001  8.700000e-001  7.000000e-001  8.700000e-001  1.115326e-007 
 8.800000e-001  8.800000e-001  8.800000e-001  7.000000e-001  8.800000e-001  1.062388e-007 
 8.900000e-001  8.900000e-001  8.900000e-001  7.000000e-001  8.900000e-001  1.010635e-007 
 9.000000e-001  9.000000e-001  9.000000e-001  7.000000e-001  9.000000e-001  9.596631e-008 
 9.100000e-001  9.100000e-001  9.100000e-001  7.000000e-001  9.100000e-001  9.088817e-008 
 9.200000e-001  9.200000e-001  9.200000e-001  7.000000e-001  9.200000e-001  8.573830e-008 
 9.300000e-001  9.300000e-001  9.300000e-001  7.000000e-001  9.300000e-001  8.037041e-008 
 9.400000e-001  9.400000e-001  9.400000e-001  7.000000e-001  9.400000e-001  7.454376e-008 
 9.500000e-001  9.500000e-001  9.500000e-001  7.000000e-001  9.500000e-001  6.786974e-008 
