 0.000000e+000  0.000000e+000  0.000000e+000  0.000000e+000  0.000000e+000  9.564516e-004 
 1.000000e-002  0.000000e+000  1.000000e-002  1.000000e-002  1.000000e-002  9.396986e-004 
 2.000000e-002  0.000000e+000  2.000000e-002  2.000000e-002  2.000000e-002  9.229447e-004 
 3.000000e-002  0.000000e+000  3.000000e-002  3.000000e-002  3.000000e-002  9.061912e-004 
 4.000000e-002  0.000000e+000  4.000000e-002  4.000000e-002  4.000000e-002  8.894393e-004 
 5.000000e-002  0.000000e+000  5.000000e-002  5.000000e-002  5.000000e-002  8.726904e-004 
 6.000000e-002  0.000000e+000  6.000000e-002  6.000000e-002  6.000000e-002  8.559458e-004 
 7.000000e-002  0.000000e+000  7.000000e-002  7.000000e-002  7.000000e-002  8.392068e-004 
 8.000000e-002  0.000000e+000  8.000000e-002  8.000000e-002  8.000000e-002  8.224749e-004 
 9.000000e-002  0.000000e+000  9.000000e-002  9.000000e-002  9.000000e-002  8.057513e-004 
 1.000000e-001  0.000000e+000  1.000000e-001  1.000000e-001  1.000000e-001  7.890377e-004 
 1.100000e-001  0.000000e+000  1.100000e-001  1.100000e-001  1.100000e-001  7.723354e-004 
 1.200000e-001  0.000000e+000  1.200000e-001  1.200000e-001  1.200000e-001  7.556460e-004 
 1.300000e-001  0.000000e+000  1.300000e-001  1.300000e-001  1.300000e-001  7.389710e-004 
 1.400000e-001  0.000000e+000  1.400000e-001  1.400000e-001  1.400000e-001  7.223119e-004 
 1.500000e-001  0.000000e+000  1.500000e-001  1.500000e-001  1.500000e-001  7.056704e-004 
 1.600000e-001  0.000000e+000  1.600000e-001  1.600000e-001  1.600000e-001  6.890481e-004 
 1.700000e-001  0.000000e+000  1.700000e-001  1.700000e-001  1.700000e-001  6.724467e-004 
 1.800000e-001  0.000000e+000  1.800000e-001  1.800000e-001  1.800000e-001  6.558679e-004 
 1.900000e-001  0.000000e+000  1.900000e-001  1.900000e-001  1.900000e-001  6.393136e-004 
 2.000000e-001  0.000000e+000  2.000000e-001  2.000000e-001  2.000000e-001  6.227857e-004 
 2.100000e-001  0.000000e+000  2.100000e-001  2.100000e-001  2.100000e-001  6.062860e-004 
 2.200000e-001  0.000000e+000  2.200000e-001  2.200000e-001  2.200000e-001  5.898167e-004 
 2.300000e-001  0.000000e+000  2.300000e-001  2.300000e-001  2.300000e-001  5.733798e-004 
 2.400000e-001  0.000000e+000  2.400000e-001  2.400000e-001  2.400000e-001  5.569776e-004 
 2.500000e-001  0.000000e+000  2.500000e-001  2.500000e-001  2.500000e-001  5.406125e-004 
 2.600000e-001  0.000000e+000  2.600000e-001  2.600000e-001  2.600000e-001  5.242870e-004 
 2.700000e-001  0.000000e+000  2.700000e-001  2.700000e-001  2.700000e-001  5.080039e-004 
 2.800000e-001  0.000000e+000  2.800000e-001  2.800000e-001  2.800000e-001  4.917660e-004 
 2.900000e-001  0.000000e+000  2.900000e-001  2.900000e-001  2.900000e-001  4.755766e-004 
 3.000000e-001  0.000000e+000  3.000000e-001  3.000000e-001  3.000000e-001  4.594390e-004 
 3.100000e-001  0.000000e+000  3.100000e-001  3.100000e-001  3.100000e-001  4.433572e-004 
 3.200000e-001  0.000000e+000  3.200000e-001  3.200000e-001  3.200000e-001  4.273353e-004 
 3.300000e-001  0.000000e+000  3.300000e-001  3.300000e-001  3.300000e-001  4.113779e-004 
 3.400000e-001  0.000000e+000  3.400000e-001  3.400000e-001  3.400000e-001  3.954903e-004 
 3.500000e-001  0.000000e+000  3.500000e-001  3.500000e-001  3.500000e-001  3.796781e-004 
 3.600000e-001  0.000000e+000  3.600000e-001  3.600000e-001  3.600000e-001  3.639479e-004 
 3.700000e-001  0.000000e+000  3.700000e-001  3.700000e-001  3.700000e-001  3.483070e-004 
 3.800000e-001  0.000000e+000  3.800000e-001  3.800000e-001  3.800000e-001  3.327636e-004 
 3.900000e-001  0.000000e+000  3.900000e-001  3.900000e-001  3.900000e-001  3.173271e-004 
 4.000000e-001  0.000000e+000  4.000000e-001  4.000000e-001  4.000000e-001  3.020080e-004 
 4.100000e-001  0.000000e+000  4.100000e-001  4.100000e-001  4.100000e-001  2.868181e-004 
 4.200000e-001  0.000000e+000  4.200000e-001  4.200000e-001  4.200000e-001  2.717711e-004 
 4.300000e-001  0.000000e+000  4.300000e-001  4.300000e-001  4.300000e-001  2.568820e-004 
 4.400000e-001  0.000000e+000  4.400000e-001  4.400000e-001  4.400000e-001  2.421682e-004 
 4.500000e-001  0.000000e+000  4.500000e-001  4.500000e-001  4.500000e-001  2.276488e-004 
 4.600000e-001  0.000000e+000  4.600000e-001  4.600000e-001  4.600000e-001  2.133454e-004 
 4.700000e-001  0.000000e+000  4.700000e-001  4.700000e-001  4.700000e-001  1.992821e-004 
 4.800000e-001  0.000000e+000  4.800000e-001  4.800000e-001  4.800000e-001  1.854855e-004 
 4.900000e-001  0.000000e+000  4.900000e-001  4.900000e-001  4.900000e-001  1.719847e-004 
 5.000000e-001  0.000000e+000  5.000000e-001  5.000000e-001  5.000000e-001  1.588116e-004 
 5.100000e-001  0.000000e+000  5.100000e-001  5.100000e-001  5.100000e-001  1.460004e-004 
 5.200000e-001  0.000000e+000  5.200000e-001  5.200000e-001  5.200000e-001  1.335874e-004 
 5.300000e-001  0.000000e+000  5.300000e-001  5.300000e-001  5.300000e-001  1.216109e-004 
 5.400000e-001  0.000000e+000  5.400000e-001  5.400000e-001  5.400000e-001  1.101100e-004 
 5.500000e-001  0.000000e+000  5.500000e-001  5.500000e-001  5.500000e-001  9.912403e-005 
 5.600000e-001  0.000000e+000  5.600000e-001  5.600000e-001  5.600000e-001  8.869147e-005 
 5.700000e-001  0.000000e+000  5.700000e-001  5.700000e-001  5.700000e-001  7.884858e-005 
 5.800000e-001  0.000000e+000  5.800000e-001  5.800000e-001  5.800000e-001  6.962793e-005 
 5.900000e-001  0.000000e+000  5.900000e-001  5.900000e-001  5.900000e-001  6.105681e-005 
 6.000000e-001  0.000000e+000  6.000000e-001  6.000000e-001  6.000000e-001  5.315570e-005 
 6.100000e-001  0.000000e+000  6.100000e-001  6.100000e-001  6.100000e-001  4.593682e-005 
 6.200000e-001  0.000000e+000  6.200000e-001  6.200000e-001  6.200000e-001  3.940294e-005 
 6.300000e-001  0.000000e+000  6.300000e-001  6.300000e-001  6.300000e-001  3.354673e-005 
 6.400000e-001  0.000000e+000  6.400000e-001  6.400000e-001  6.400000e-001  2.835053e-005 
 6.500000e-001  0.000000e+000  6.500000e-001  6.500000e-001  6.500000e-001  2.378682e-005 
 6.600000e-001  0.000000e+000  6.600000e-001  6.600000e-001  6.600000e-001  1.981931e-005 
 6.700000e-001  0.000000e+000  6.700000e-001  6.700000e-001  6.700000e-001  1.640450e-005 
 6.800000e-001  0.000000e+000  6.800000e-001  6.800000e-001  6.800000e-001  1.349368e-005 
 6.900000e-001  0.000000e+000  6.900000e-001  6.900000e-001  6.900000e-001  1.103515e-005 
 7.000000e-001  0.000000e+000  7.000000e-001  7.000000e-001  7.000000e-001  8.976336e-006 
 7.100000e-001  0.000000e+000  7.100000e-001  7.100000e-001  7.100000e-001  7.265748e-006 
 7.200000e-001  0.000000e+000  7.200000e-001  7.200000e-001  7.200000e-001  5.854573e-006 
 7.300000e-001  0.000000e+000  7.300000e-001  7.300000e-001  7.300000e-001  4.697815e-006 
 7.400000e-001  0.000000e+000  7.400000e-001  7.400000e-001  7.400000e-001  3.755000e-006 
 7.500000e-001  0.000000e+000  7.500000e-001  7.500000e-001  7.500000e-001  2.990473e-006 
 7.600000e-001  0.000000e+000  7.600000e-001  7.600000e-001  7.600000e-001  2.373372e-006 
 7.700000e-001  0.000000e+000  7.700000e-001  7.700000e-001  7.700000e-001  1.877371e-006 
 7.800000e-001  0.000000e+000  7.800000e-001  7.800000e-001  7.800000e-001  1.480277e-006 
 7.900000e-001  0.000000e+000  7.900000e-001  7.900000e-001  7.900000e-001  1.163558e-006 
 8.000000e-001  0.000000e+000  8.000000e-001  8.000000e-001  8.000000e-001  9.118585e-007 
 8.100000e-001  0.000000e+000  8.100000e-001  8.100000e-001  8.100000e-001  7.125357e-007 
 8.200000e-001  0.000000e+000  8.200000e-001  8.200000e-001  8.200000e-001  5.552340e-007 
 8.300000e-001  0.000000e+000  8.300000e-001  8.300000e-001  8.300000e-001  4.315125e-007 
 8.400000e-001  0.000000e+000  8.400000e-001  8.400000e-001  8.400000e-001  3.345219e-007 
 8.500000e-001  0.000000e+000  8.500000e-001  8.500000e-001  8.500000e-001  2.587280e-007 
 8.600000e-001  0.000000e+000  8.600000e-001  8.600000e-001  8.600000e-001  1.996791e-007 
 8.700000e-001  0.000000e+000  8.700000e-001  8.700000e-001  8.700000e-001  1.538095e-007 
 8.800000e-001  0.000000e+000  8.800000e-001  8.800000e-001  8.800000e-001  1.182756e-007 
 8.900000e-001  0.000000e+000  8.900000e-001  8.900000e-001  8.900000e-001  9.081983e-008 
 9.000000e-001  0.000000e+000  9.000000e-001  9.000000e-001  9.000000e-001  6.965703e-008 
 9.100000e-001  0.000000e+000  9.100000e-001  9.100000e-001  9.100000e-001  5.338168e-008 
 9.200000e-001  0.000000e+000  9.200000e-001  9.200000e-001  9.200000e-001  4.089140e-008 
 9.300000e-001  0.000000e+000  9.300000e-001  9.300000e-001  9.300000e-001  3.132476e-008 
 9.400000e-001  0.000000e+000  9.400000e-001  9.400000e-001  9.400000e-001  2.401101e-008 
 9.500000e-001  0.000000e+000  9.500000e-001  9.500000e-001  9.500000e-001  1.842946e-008 
 9.600000e-001  0.000000e+000  9.600000e-001  9.600000e-001  9.600000e-001  1.417718e-008 
 9.700000e-001  0.000000e+000  9.700000e-001  9.700000e-001  9.700000e-001  1.094318e-008 
 9.800000e-001  0.000000e+000  9.800000e-001  9.800000e-001  9.800000e-001  8.487999e-009 
 9.900000e-001  0.000000e+000  9.900000e-001  9.900000e-001  9.900000e-001  6.627696e-009 
 1.000000e+000  0.000000e+000  1.000000e+000  1.000000e+000  1.000000e+000  5.221239e-009 
 0.000000e+000  9.500000e-001  0.000000e+000  0.000000e+000  0.000000e+000  1.179972e-004 
 1.000000e-002  9.500000e-001  1.000000e-002  1.000000e-002  1.000000e-002  1.167874e-004 
 2.000000e-002  9.500000e-001  2.000000e-002  2.000000e-002  2.000000e-002  1.155228e-004 
 3.000000e-002  9.500000e-001  3.000000e-002  3.000000e-002  3.000000e-002  1.142433e-004 
 4.000000e-002  9.500000e-001  4.000000e-002  4.000000e-002  4.000000e-002  1.129343e-004 
 5.000000e-002  9.500000e-001  5.000000e-002  5.000000e-002  5.000000e-002  1.115949e-004 
 6.000000e-002  9.500000e-001  6.000000e-002  6.000000e-002  6.000000e-002  1.102243e-004 
 7.000000e-002  9.500000e-001  7.000000e-002  7.000000e-002  7.000000e-002  1.088213e-004 
 8.000000e-002  9.500000e-001  8.000000e-002  8.000000e-002  8.000000e-002  1.073849e-004 
 9.000000e-002  9.500000e-001  9.000000e-002  9.000000e-002  9.000000e-002  1.059141e-004 
 1.000000e-001  9.500000e-001  1.000000e-001  1.000000e-001  1.000000e-001  1.044077e-004 
 1.100000e-001  9.500000e-001  1.100000e-001  1.100000e-001  1.100000e-001  1.028645e-004 
 1.200000e-001  9.500000e-001  1.200000e-001  1.200000e-001  1.200000e-001  1.012834e-004 
 1.300000e-001  9.500000e-001  1.300000e-001  1.300000e-001  1.300000e-001  9.966303e-005 
 1.400000e-001  9.500000e-001  1.400000e-001  1.400000e-001  1.400000e-001  9.800215e-005 
 1.500000e-001  9.500000e-001  1.500000e-001  1.500000e-001  1.500000e-001  9.629941e-005 
 1.600000e-001  9.500000e-001  1.600000e-001  1.600000e-001  1.600000e-001  9.455343e-005 
 1.700000e-001  9.500000e-001  1.700000e-001  1.700000e-001  1.700000e-001  9.276281e-005 
 1.800000e-001  9.500000e-001  1.800000e-001  1.800000e-001  1.800000e-001  9.092611e-005 
 1.900000e-001  9.500000e-001  1.900000e-001  1.900000e-001  1.900000e-001  8.904186e-005 
 2.000000e-001  9.500000e-001  2.000000e-001  2.000000e-001  2.000000e-001  8.710861e-005 
 2.100000e-001  9.500000e-001  2.100000e-001  2.100000e-001  2.100000e-001  8.512489e-005 
 2.200000e-001  9.500000e-001  2.200000e-001  2.200000e-001  2.200000e-001  8.308925e-005 
 2.300000e-001  9.500000e-001  2.300000e-001  2.300000e-001  2.300000e-001  8.100028e-005 
 2.400000e-001  9.500000e-001  2.400000e-001  2.400000e-001  2.400000e-001  7.885665e-005 
 2.500000e-001  9.500000e-001  2.500000e-001  2.500000e-001  2.500000e-001  7.665712e-005 
 2.600000e-001  9.500000e-001  2.600000e-001  2.600000e-001  2.600000e-001  7.440060e-005 
 2.700000e-001  9.500000e-001  2.700000e-001  2.700000e-001  2.700000e-001  7.208620e-005 
 2.800000e-001  9.500000e-001  2.800000e-001  2.800000e-001  2.800000e-001  6.971329e-005 
 2.900000e-001  9.500000e-001  2.900000e-001  2.900000e-001  2.900000e-001  6.728155e-005 
 3.000000e-001  9.500000e-001  3.000000e-001  3.000000e-001  3.000000e-001  6.479112e-005 
 3.100000e-001  9.500000e-001  3.100000e-001  3.100000e-001  3.100000e-001  6.224262e-005 
 3.200000e-001  9.500000e-001  3.200000e-001  3.200000e-001  3.200000e-001  5.963736e-005 
 3.300000e-001  9.500000e-001  3.300000e-001  3.300000e-001  3.300000e-001  5.697739e-005 
 3.400000e-001  9.500000e-001  3.400000e-001  3.400000e-001  3.400000e-001  5.426574e-005 
 3.500000e-001  9.500000e-001  3.500000e-001  3.500000e-001  3.500000e-001  5.150651e-005 
 3.600000e-001  9.500000e-001  3.600000e-001  3.600000e-001  3.600000e-001  4.870510e-005 
 3.700000e-001  9.500000e-001  3.700000e-001  3.700000e-001  3.700000e-001  4.586838e-005 
 3.800000e-001  9.500000e-001  3.800000e-001  3.800000e-001  3.800000e-001  4.300485e-005 
 3.900000e-001  9.500000e-001  3.900000e-001  3.900000e-001  3.900000e-001  4.012480e-005 
 4.000000e-001  9.500000e-001  4.000000e-001  4.000000e-001  4.000000e-001  3.724045e-005 
 4.100000e-001  9.500000e-001  4.100000e-001  4.100000e-001  4.100000e-001  3.436596e-005 
 4.200000e-001  9.500000e-001  4.200000e-001  4.200000e-001  4.200000e-001  3.151744e-005 
 4.300000e-001  9.500000e-001  4.300000e-001  4.300000e-001  4.300000e-001  2.871277e-005 
 4.400000e-001  9.500000e-001  4.400000e-001  4.400000e-001  4.400000e-001  2.597128e-005 
 4.500000e-001  9.500000e-001  4.500000e-001  4.500000e-001  4.500000e-001  2.331334e-005 
 4.600000e-001  9.500000e-001  4.600000e-001  4.600000e-001  4.600000e-001  2.075968e-005 
 4.700000e-001  9.500000e-001  4.700000e-001  4.700000e-001  4.700000e-001  1.833057e-005 
 4.800000e-001  9.500000e-001  4.800000e-001  4.800000e-001  4.800000e-001  1.604489e-005 
 4.900000e-001  9.500000e-001  4.900000e-001  4.900000e-001  4.900000e-001  1.391912e-005 
 5.000000e-001  9.500000e-001  5.000000e-001  5.000000e-001  5.000000e-001  1.196635e-005 
 5.100000e-001  9.500000e-001  5.100000e-001  5.100000e-001  5.100000e-001  1.019543e-005 
 5.200000e-001  9.500000e-001  5.200000e-001  5.200000e-001  5.200000e-001  8.610423e-006 
 5.300000e-001  9.500000e-001  5.300000e-001  5.300000e-001  5.300000e-001  7.210414e-006 
 5.400000e-001  9.500000e-001  5.400000e-001  5.400000e-001  5.400000e-001  5.989716e-006 
 5.500000e-001  9.500000e-001  5.500000e-001  5.500000e-001  5.500000e-001  4.938509e-006 
 5.600000e-001  9.500000e-001  5.600000e-001  5.600000e-001  5.600000e-001  4.043761e-006 
 5.700000e-001  9.500000e-001  5.700000e-001  5.700000e-001  5.700000e-001  3.290314e-006 
 5.800000e-001  9.500000e-001  5.800000e-001  5.800000e-001  5.800000e-001  2.661972e-006 
 5.900000e-001  9.500000e-001  5.900000e-001  5.900000e-001  5.900000e-001  2.142465e-006 
 6.000000e-001  9.500000e-001  6.000000e-001  6.000000e-001  6.000000e-001  1.716200e-006 
 6.100000e-001  9.500000e-001  6.100000e-001  6.100000e-001  6.100000e-001  1.368780e-006 
 6.200000e-001  9.500000e-001  6.200000e-001  6.200000e-001  6.200000e-001  1.087295e-006 
 6.300000e-001  9.500000e-001  6.300000e-001  6.300000e-001  6.300000e-001  8.604390e-007 
 6.400000e-001  9.500000e-001  6.400000e-001  6.400000e-001  6.400000e-001  6.784881e-007 
 6.500000e-001  9.500000e-001  6.500000e-001  6.500000e-001  6.500000e-001  5.332010e-007 
 6.600000e-001  9.500000e-001  6.600000e-001  6.600000e-001  6.600000e-001  4.176723e-007 
 6.700000e-001  9.500000e-001  6.700000e-001  6.700000e-001  6.700000e-001  3.261689e-007 
 6.800000e-001  9.500000e-001  6.800000e-001  6.800000e-001  6.800000e-001  2.539671e-007 
 6.900000e-001  9.500000e-001  6.900000e-001  6.900000e-001  6.900000e-001  1.972006e-007 
 7.000000e-001  9.500000e-001  7.000000e-001  7.000000e-001  7.000000e-001  1.527231e-007 
 7.100000e-001  9.500000e-001  7.100000e-001  7.100000e-001  7.100000e-001  1.179885e-007 
 7.200000e-001  9.500000e-001  7.200000e-001  7.200000e-001  7.200000e-001  9.094649e-008 
 7.300000e-001  9.500000e-001  7.300000e-001  7.300000e-001  7.300000e-001  6.995491e-008 
 7.400000e-001  9.500000e-001  7.400000e-001  7.400000e-001  7.400000e-001  5.370439e-008 
 7.500000e-001  9.500000e-001  7.500000e-001  7.500000e-001  7.500000e-001  4.115595e-008 
 7.600000e-001  9.500000e-001  7.600000e-001  7.600000e-001  7.600000e-001  3.148879e-008 
 7.700000e-001  9.500000e-001  7.700000e-001  7.700000e-001  7.700000e-001  2.405725e-008 
 7.800000e-001  9.500000e-001  7.800000e-001  7.800000e-001  7.800000e-001  1.835543e-008 
 7.900000e-001  9.500000e-001  7.900000e-001  7.900000e-001  7.900000e-001  1.398843e-008 
 8.000000e-001  9.500000e-001  8.000000e-001  8.000000e-001  8.000000e-001  1.064904e-008 
 8.100000e-001  9.500000e-001  8.100000e-001  8.100000e-001  8.100000e-001  8.099126e-009 
 8.200000e-001  9.500000e-001  8.200000e-001  8.200000e-001  8.200000e-001  6.154566e-009 
 8.300000e-001  9.500000e-001  8.300000e-001  8.300000e-001  8.300000e-001  4.673353e-009 
 8.400000e-001  9.500000e-001  8.400000e-001  8.400000e-001  8.400000e-001  3.546236e-009 
 8.500000e-001  9.500000e-001  8.500000e-001  8.500000e-001  8.500000e-001  2.689346e-009 
 8.600000e-001  9.500000e-001  8.600000e-001  8.600000e-001  8.600000e-001  2.038425e-009 
 8.700000e-001  9.500000e-001  8.700000e-001  8.700000e-001  8.700000e-001  1.544321e-009 
 8.800000e-001  9.500000e-001  8.800000e-001  8.800000e-001  8.800000e-001  1.169496e-009 
 8.900000e-001  9.500000e-001  8.900000e-001  8.900000e-001  8.900000e-001  8.853217e-010 
 9.000000e-001  9.500000e-001  9.000000e-001  9.000000e-001  9.000000e-001  6.699880e-010 
 9.100000e-001  9.500000e-001  9.100000e-001  9.100000e-001  9.100000e-001  5.068991e-010 
 9.200000e-001  9.500000e-001  9.200000e-001  9.200000e-001  9.200000e-001  3.834382e-010 
 9.300000e-001  9.500000e-001  9.300000e-001  9.300000e-001  9.300000e-001  2.900210e-010 
 9.400000e-001  9.500000e-001  9.400000e-001  9.400000e-001  9.400000e-001  2.193727e-010 
 9.500000e-001  9.500000e-001  9.500000e-001  9.500000e-001  9.500000e-001  1.659749e-010 
 9.600000e-001  9.500000e-001  9.600000e-001  9.600000e-001  9.600000e-001  1.256438e-010 
 9.700000e-001  9.500000e-001  9.700000e-001  9.700000e-001  9.700000e-001  9.520939e-011 
 9.800000e-001  9.500000e-001  9.800000e-001  9.800000e-001  9.800000e-001  7.227073e-011 
 9.900000e-001  9.500000e-001  9.900000e-001  9.900000e-001  9.900000e-001  5.501021e-011 
 1.000000e+000  9.500000e-001  1.000000e+000  1.000000e+000  1.000000e+000  4.205235e-011 
